"NAME","TYPE","NodeDescription","NodeMinimumPressure","NodePressure","NodeSymbolName","NodeStatus","NodeXCoordinate","NodeYCoordinate","NodeFlowByCategory(Base Thermal)","NodeFlowByCategory(Base Volumetric)","NodeFlowByCategory(C1)","NodeFlowByCategory(C2)","NodeFlowByCategory(C3)","NodeFlowByCategory(C4)","NodeFlowByCategory(CT)","NodeFlowByCategory(D1)","NodeFlowByCategory(DC)","NodeFlowByCategory(DM)","NodeFlowByCategory(I2)","NodeFlowByCategory(PL-AF)","NodeFlowByCategory(PL-DC)","NodeThermalFlow","NodeResultFlow","NodeFlowProfileNameByCategory(Base Thermal)","NodeFlowProfileNameByCategory(Base Volumetric)","NodeFlowProfileNameByCategory(C1)","NodeFlowProfileNameByCategory(C2)","NodeFlowProfileNameByCategory(C3)","NodeFlowProfileNameByCategory(C4)","NodeFlowProfileNameByCategory(CT)","NodeFlowProfileNameByCategory(D1)","NodeFlowProfileNameByCategory(DC)","NodeFlowProfileNameByCategory(DM)","NodeFlowProfileNameByCategory(I2)","NodeFlowProfileNameByCategory(PL-AF)","NodeFlowProfileNameByCategory(PL-DC)"
"62501900000276","Nodes","276","21.000000","22.979455","DDS demands","Known Flow","257471.215216","618802.195591","","0.000000","","","","","","-5.949999","","","","","","-5.320596","-5.949999","","","","","","","","D1 PROFILE","","","","",""
"62501900000275","Nodes","275","21.000000","23.135636","DDS demands","Known Flow","257452.698211","618757.454579","","0.000000","","","","","","-6.469999","","","","","","-5.785589","-6.469999","","","","","","","","D1 PROFILE","","","","",""
"62501900000024","Nodes","24","21.000000","24.366238","DDS demands","Known Flow","256445.835937","620554.571068","","0.000000","","","","","","-28.160000","","","","","","-25.181177","-28.160000","","","","","","","","D1 PROFILE","","","","",""
"62501900001016","Nodes","","21.000000","24.809864","Default Known Flow Node","Known Flow","256515.024734","620494.738520","","0.000000","","","","","","","","","","","","0.000000","0.000000","","","","","","","","","","","","",""
"62501900000397","Nodes","397","21.000000","24.393359","DDS demands","Known Flow","256787.586030","620648.321094","","0.000000","","","","","","-10.110000","","","","","","-9.040542","-10.110000","","","","","","","","D1 PROFILE","","","","",""
"62501900001015","Nodes","Logger 9786, 42 Oakbank Drive, Cumnock","21.000000","24.405608","Val Log Cath","Known Flow","256778.956798","620631.671719","","0.000000","","","","","","","","","","","","0.000000","0.000000","","","","","","","","","","","","",""
"62501900000205","Nodes","205","21.000000","24.241047","DDS demands","Known Flow","256767.048024","620613.375084","","0.000000","","","","","","-27.540000","","","","","","-24.626761","-27.540000","","","","","","","","D1 PROFILE","","","","",""
"62501900001014","Nodes","Logger 7014, 14 Barshare Road, Cumnock","21.000000","45.581460","Val Log Cath","Known Flow","257631.700985","619808.829407","","0.000000","","","","","","","","","","","","0.000000","0.000000","","","","","","","","","","","","",""
"62501900000297","Nodes","297","21.000000","45.271416","DDS demands","Known Flow","257654.874266","619829.662871","","0.000000","","","","","","-23.669999","","","","","","-21.166137","-23.669999","","","","","","","","D1 PROFILE","","","","",""
"62501900000339","Nodes","339","21.000000","38.723441","DDS demands","Known Flow","257588.711248","620096.945944","","0.000000","","","","","","-17.030000","","","","","","-15.228531","-17.030000","","","","","","","","D1 PROFILE","","","","",""
"62501900001013","Nodes","","21.000000","39.809516","Default Known Flow Node","Known Flow","257540.935311","620108.081269","","0.000000","","","","","","","","","","","","0.000000","0.000000","","","","","","","","","","","","",""
"62501900000338","Nodes","338","21.000000","40.468506","DDS demands","Known Flow","257511.336227","620117.445949","","0.000000","","","","","","-12.489999","","","","","","-11.168782","-12.489999","","","","","","","","D1 PROFILE","","","","",""
"62501900000256","Nodes","256","21.000000","29.221897","DDS demands","Known Flow","257236.711152","620300.695999","","0.000000","","","","","","-15.479999","","","","","","-13.842492","-15.479999","","","","","","","","D1 PROFILE","","","","",""
"62501900001012","Nodes","","21.000000","29.242844","Default Known Flow Node","Known Flow","257206.272485","620300.642221","","0.000000","","","","","","","","","","","","0.000000","0.000000","","","","","","","","","","","","",""
"62501900000055","Nodes","55","21.000000","29.334934","Default Known Flow Node","Known Flow","257181.586137","620298.195998","","0.000000","","","","","","","","","","","","0.000000","0.000000","","","","","","","","","","","","",""
"62501900000043","Nodes","43","21.000000","35.248091","Default Known Flow Node","Known Flow","256569.835971","619831.195871","","0.000000","","","","","","","","","","","","0.000000","0.000000","","","","","","","","","","","","",""
"62501900001010","Nodes","","21.000000","35.497778","Default Known Flow Node","Known Flow","256564.906642","619897.886795","","0.000000","","","","","","","","","","","","0.000000","0.000000","","","","","","","","","","","","",""
"62501900000365","Nodes","365","21.000000","35.570995","DDS demands","Known Flow","256563.460969","619917.445895","","0.000000","","","","","","-27.300000","","","","","","-24.412149","-27.300000","","","","","","","","D1 PROFILE","","","","",""
"62501900001009","Nodes","Logger 9297, 4 Glenlamont, Cumnock","21.000000","30.853419","Val Log Cath","Known Flow","256767.739115","619342.910170","","0.000000","","","","","","","","","","","","0.000000","0.000000","","","","","","","","","","","","",""
"62501900000199","Nodes","199","21.000000","30.819001","DDS demands","Known Flow","256738.586017","619353.070741","","0.000000","","","","","","-24.990000","","","","","","-22.346506","-24.990000","","","","","","","","D1 PROFILE","","","","",""
"62501900000120","Nodes","120","21.000000","34.154006","DDS demands","Known Flow","257401.363197","619104.469674","","0.000000","","","","","","-24.520000","","","","","","-21.926223","-24.520000","","","","","","","","D1 PROFILE","","","","",""
"62501900001008","Nodes","1008","21.000000","33.929632","Default Known Flow Node","Known Flow","257413.850610","619084.480624","","0.000000","","","","","","","","","","","","0.000000","0.000000","","","","","","","","","","","","",""
"62501900001007","Nodes","1007","21.000000","33.926690","DDS demands","Known Flow","257343.752201","619126.137644","","0.000000","","","","-5.639999","","","","","","","","-5.043388","-5.639999","","","","","","C4 PROFILE","","","","","","",""
"62501900000798","Nodes","-289296","21.000000","34.185331","Default Known Flow Node","Known Flow","257378.692191","619085.142668","","0.000000","","","","","","","","","","","","0.000000","0.000000","","","","","","","","","","","","",""
"62501900000819","Nodes","-3344357","21.000000","32.064141","Default Known Flow Node","Known Flow","257841.561107","619643.934360","","0.000000","","","","","","","","","","","","0.000000","0.000000","","","","","","","","","","","","",""
"62501900000820","Nodes","-3344360","21.000000","31.590385","Default Known Flow Node","Known Flow","257855.866321","619651.323822","","0.000000","","","","","","","","","","","","0.000000","0.000000","","","","","","","","","","","","",""
"62501900001000","Nodes","1000","21.000000","31.001819","Default Known Flow Node","Known Flow","256828.208041","620235.063981","","0.000000","","","","","","","","","","","","0.000000","0.000000","","","","","","","","","","","","",""
"62501900001003","Nodes","1003","21.000000","31.714343","Default Known Flow Node","Known Flow","256823.336040","620214.570976","","0.000000","","","","","","","","","","","","0.000000","0.000000","","","","","","","","","","","","",""
"62501900000836","Nodes","-3573821","21.000000","33.277871","Default Known Flow Node","Known Flow","256818.008217","620198.072392","","0.000000","","","","","","","","","","","","0.000000","0.000000","","","","","","","","","","","","",""
"62501900000032","Nodes","32","21.000000","31.229003","DDS demands","Known Flow","256854.578877","620257.322439","","0.000000","-6.020000","","","","","-6.829999","","","-9.840000","","","-20.289805","-22.689999","","","C1 PROFILE","","","","","D1 PROFILE","","","I2 PROFILE","",""
"62501900000839","Nodes","","21.000000","27.507878","DDS demands","Known Flow","256911.086064","620219.820977","","0.000000","","-19.379999","","","","","","","","","","-17.329941","-19.379999","","","","C2 PROFILE","","","","","","","","",""
"62501900000823","Nodes","-3378058","21.000000","30.869601","Default Known Flow Node","Known Flow","256823.709040","620236.305982","","0.000000","","","","","","","","","","","","0.000000","0.000000","","","","","","","","","","","","",""
"62501900000908","Nodes","","21.000000","73.659766","Default Known Flow Node","Known Flow","256450.075938","620833.229144","","0.000000","","","","","","","","","","","","0.000000","0.000000","","","","","","","","","","","","",""
"62501900001001","Nodes","1001","21.000000","65.364802","DDS demands","Known Flow","256455.330940","620883.443158","","0.000000","","","","","","-5.830000","","","","","","-5.213290","-5.830000","","","","","","","","D1 PROFILE","","","","",""
"62501900000909","Nodes","","21.000000","64.500739","DDS demands","Known Flow","256460.591941","620889.808159","","0.000000","","","","","","-0.939999","","","","","","-0.840564","-0.939999","","","","","","","","D1 PROFILE","","","","",""
"62501900000274","Nodes","274","21.000000","23.077349","DDS demands","Known Flow","257399.890197","618761.357580","","0.000000","","","","","","-9.239999","","","","","","-8.262573","-9.239999","","","","","","","","D1 PROFILE","","","","",""
"62501900000726","Nodes","","21.000000","23.077349","Default Known Flow Node","Known Flow","257395.058195","618731.793572","","0.000000","","","","","","","","","","","","0.000000","0.000000","","","","","","","","","","","","",""
"62501900000273","Nodes","273","21.000000","23.469267","DDS demands","Known Flow","257403.656198","618917.940623","","0.000000","","","","","","-15.599999","","","","","","-13.949799","-15.599999","","","","","","","","D1 PROFILE","","","","",""
"62501900000130","Nodes","130","21.000000","33.072110","DDS demands","Known Flow","257969.578352","618984.873641","","0.000000","","","","","","-24.299999","","","","","","-21.729495","-24.299999","","","","","","","","D1 PROFILE","","","","",""
"62501900000809","Nodes","-289310","21.000000","33.097815","Default Known Flow Node","Known Flow","257969.664352","618970.464637","","0.000000","","","","","","","","","","","","0.000000","0.000000","","","","","","","","","","","","",""
"62501900000592","Nodes","-168792","21.000000","30.969561","Default Known Flow Node","Known Flow","257637.556727","618633.858003","","0.000000","","","","","","","","","","","","0.000000","0.000000","","","","","","","","","","","","",""
"62501900000182","Nodes","182","21.000000","31.978355","DDS demands","Known Flow","257563.953241","618830.569599","","0.000000","","","","","","-13.069999","","","","","","-11.687427","-13.069999","","","","","","","","D1 PROFILE","","","","",""
"62501900000183","Nodes","183","21.000000","31.834244","DDS demands","Known Flow","257526.848231","618821.955597","","0.000000","","","","","","-9.609999","","","","","","-8.593433","-9.609999","","","","","","","","D1 PROFILE","","","","",""
"62501900000577","Nodes","-168775","21.000000","32.746225","Default Known Flow Node","Known Flow","257538.103234","618978.153639","","0.000000","","","","","","","","","","","","0.000000","0.000000","","","","","","","","","","","","",""
"62501900000581","Nodes","-168780","21.000000","32.746225","Default Known Flow Node","Known Flow","257566.846242","618979.481640","","0.000000","","","","","","","","","","","","0.000000","0.000000","","","","","","","","","","","","",""
"62501900000578","Nodes","-168776","21.000000","31.878541","Default Known Flow Node","Known Flow","257543.680236","618723.738570","","0.000000","","","","","","","","","","","","0.000000","0.000000","","","","","","","","","","","","",""
"62501900000579","Nodes","-168777","21.000000","31.834244","Default Known Flow Node","Known Flow","257555.724239","618726.054571","","0.000000","","","","","","","","","","","","0.000000","0.000000","","","","","","","","","","","","",""
"62501900000582","Nodes","","21.000000","32.590810","DDS demands","Known Flow","257573.417244","618932.448627","","0.000000","","","","","","-2.880000","","","","","","-2.575347","-2.880000","","","","","","","","D1 PROFILE","","","","",""
"62501900000586","Nodes","","21.000000","32.702365","DDS demands","Known Flow","257583.507247","618958.447634","","0.000000","","","","","","-6.329999","","","","","","-5.660399","-6.329999","","","","","","","","D1 PROFILE","","","","",""
"62501900000583","Nodes","","21.000000","32.557445","DDS demands","Known Flow","257574.834244","618997.450644","","0.000000","","","","","","-0.899999","","","","","","-0.804796","-0.899999","","","","","","","","D1 PROFILE","","","","",""
"62501900000588","Nodes","","21.000000","32.735916","DDS demands","Known Flow","257593.038249","618973.546638","","0.000000","","","","","","-1.960000","","","","","","-1.752667","-1.960000","","","","","","","","D1 PROFILE","","","","",""
"62501900000587","Nodes","-168786","21.000000","31.632288","Default Known Flow Node","Known Flow","257589.806248","618733.813573","","0.000000","","","","","","","","","","","","0.000000","0.000000","","","","","","","","","","","","",""
"62501900000589","Nodes","-168788","21.000000","31.632288","Default Known Flow Node","Known Flow","257604.874252","618738.813574","","0.000000","","","","","","","","","","","","0.000000","0.000000","","","","","","","","","","","","",""
"62501900000597","Nodes","-168798","21.000000","31.198907","Default Known Flow Node","Known Flow","257678.136272","618884.904614","","0.000000","","","","","","","","","","","","0.000000","0.000000","","","","","","","","","","","","",""
"62501900000595","Nodes","-168796","21.000000","31.110201","Default Known Flow Node","Known Flow","257671.074270","618879.441612","","0.000000","","","","","","","","","","","","0.000000","0.000000","","","","","","","","","","","","",""
"62501900000600","Nodes","-168802","21.000000","31.444494","Default Known Flow Node","Known Flow","257716.814283","618691.573561","","0.000000","","","","","","","","","","","","0.000000","0.000000","","","","","","","","","","","","",""
"62501900000601","Nodes","-168803","21.000000","31.533309","Default Known Flow Node","Known Flow","257725.371285","618668.742555","","0.000000","","","","","","","","","","","","0.000000","0.000000","","","","","","","","","","","","",""
"62501900000603","Nodes","-168806","21.000000","32.206855","Default Known Flow Node","Known Flow","257749.574292","618945.347630","","0.000000","","","","","","","","","","","","0.000000","0.000000","","","","","","","","","","","","",""
"62501900000602","Nodes","-168804","21.000000","32.206855","Default Known Flow Node","Known Flow","257728.205128","618953.818496","","0.000000","","","","","","","","","","","","0.000000","0.000000","","","","","","","","","","","","",""
"62501900000604","Nodes","","21.000000","31.264432","DDS demands","Known Flow","257766.709296","618926.072625","","0.000000","","","","","","-1.109999","","","","","","-0.992581","-1.109999","","","","","","","","D1 PROFILE","","","","",""
"62501900000605","Nodes","","21.000000","31.264860","DDS demands","Known Flow","257771.435298","618927.464625","","0.000000","","","","","","-2.089999","","","","","","-1.868915","-2.089999","","","","","","","","D1 PROFILE","","","","",""
"62501900000606","Nodes","-168809","21.000000","32.081843","Default Known Flow Node","Known Flow","257772.541298","618951.949632","","0.000000","","","","","","","","","","","","0.000000","0.000000","","","","","","","","","","","","",""
"62501900000610","Nodes","-168813","21.000000","32.126138","Default Known Flow Node","Known Flow","257788.745302","618956.066633","","0.000000","","","","","","","","","","","","0.000000","0.000000","","","","","","","","","","","","",""
"62501900000619","Nodes","-168822","21.000000","31.680576","Default Known Flow Node","Known Flow","257869.090324","618801.290591","","0.000000","","","","","","","","","","","","0.000000","0.000000","","","","","","","","","","","","",""
"62501900000617","Nodes","","21.000000","31.636178","DDS demands","Known Flow","257866.209323","618834.661600","","0.000000","","","","","","-4.079999","","","","","","-3.648408","-4.079999","","","","","","","","D1 PROFILE","","","","",""
"62501900000622","Nodes","-168826","21.000000","32.146993","Default Known Flow Node","Known Flow","257880.425327","618929.439626","","0.000000","","","","","","","","","","","","0.000000","0.000000","","","","","","","","","","","","",""
"62501900000180","Nodes","180","21.000000","32.146993","DDS demands","Known Flow","257879.824327","618943.760630","","0.000000","","","","","","-13.380000","","","","","","-11.964636","-13.380000","","","","","","","","D1 PROFILE","","","","",""
"62501900000623","Nodes","-168827","21.000000","32.568900","Default Known Flow Node","Known Flow","257881.196328","618920.566623","","0.000000","","","","","","","","","","","","0.000000","0.000000","","","","","","","","","","","","",""
"62501900000625","Nodes","-168829","21.000000","32.568900","Default Known Flow Node","Known Flow","257881.934376","618903.838827","","0.000000","","","","","","","","","","","","0.000000","0.000000","","","","","","","","","","","","",""
"62501900000630","Nodes","-168834","21.000000","31.981713","Default Known Flow Node","Known Flow","257892.528331","618746.071576","","0.000000","","","","","","","","","","","","0.000000","0.000000","","","","","","","","","","","","",""
"62501900000618","Nodes","-168821","21.000000","32.026086","Default Known Flow Node","Known Flow","257868.783324","618740.071574","","0.000000","","","","","","","","","","","","0.000000","0.000000","","","","","","","","","","","","",""
"62501900000638","Nodes","-168843","21.000000","33.246032","Default Known Flow Node","Known Flow","257916.145337","618792.581589","","0.000000","","","","","","","","","","","","0.000000","0.000000","","","","","","","","","","","","",""
"62501900000648","Nodes","-168854","21.000000","32.980517","Default Known Flow Node","Known Flow","257938.291343","618793.075589","","0.000000","","","","","","","","","","","","0.000000","0.000000","","","","","","","","","","","","",""
"62501900000640","Nodes","-168846","21.000000","33.246032","Default Known Flow Node","Known Flow","257918.442338","618846.332603","","0.000000","","","","","","","","","","","","0.000000","0.000000","","","","","","","","","","","","",""
"62501900000649","Nodes","-168855","21.000000","32.936284","Default Known Flow Node","Known Flow","257938.295343","618846.424603","","0.000000","","","","","","","","","","","","0.000000","0.000000","","","","","","","","","","","","",""
"62501900000643","Nodes","-168849","21.000000","32.404348","Default Known Flow Node","Known Flow","257933.052342","618932.410627","","0.000000","","","","","","","","","","","","0.000000","0.000000","","","","","","","","","","","","",""
"62501900000642","Nodes","-168848","21.000000","32.404348","Default Known Flow Node","Known Flow","257932.472342","618950.172632","","0.000000","","","","","","","","","","","","0.000000","0.000000","","","","","","","","","","","","",""
"62501900000644","Nodes","-168850","21.000000","32.391158","Default Known Flow Node","Known Flow","257933.694342","618919.787623","","0.000000","","","","","","","","","","","","0.000000","0.000000","","","","","","","","","","","","",""
"62501900000645","Nodes","-168851","21.000000","32.391158","Default Known Flow Node","Known Flow","257934.217267","618905.027396","","0.000000","","","","","","","","","","","","0.000000","0.000000","","","","","","","","","","","","",""
"62501900000137","Nodes","137","21.000000","32.027122","DDS demands","Known Flow","257874.394326","618717.829568","","0.000000","","","","","","-3.089999","","","","","","-2.763133","-3.089999","","","","","","","","D1 PROFILE","","","","",""
"62501900000352","Nodes","352","21.000000","31.840051","DDS demands","Known Flow","257841.319317","618709.573566","","0.000000","","","","","","-13.420000","","","","","","-12.000404","-13.420000","","","","","","","","D1 PROFILE","","","","",""
"62501900000248","Nodes","248","21.000000","32.025106","DDS demands","Known Flow","257863.545323","618761.150580","","0.000000","","","","","","-2.730000","","","","","","-2.441214","-2.730000","","","","","","","","D1 PROFILE","","","","",""
"62501900000243","Nodes","243","21.000000","32.025106","Default Known Flow Node","Known Flow","257857.644321","618784.874587","","0.000000","","","","","","","","","","","","0.000000","0.000000","","","","","","","","","","","","",""
"62501900000620","Nodes","-168823","21.000000","31.977424","Default Known Flow Node","Known Flow","257877.903327","618764.812581","","0.000000","","","","","","","","","","","","0.000000","0.000000","","","","","","","","","","","","",""
"62501900000132","Nodes","132","21.000000","31.657562","DDS demands","Known Flow","257843.653317","618920.725624","","0.000000","","","","","","-22.469998","","","","","","-20.093074","-22.469998","","","","","","","","D1 PROFILE","","","","",""
"62501900000616","Nodes","","21.000000","31.690821","DDS demands","Known Flow","257850.790319","618833.604600","","0.000000","","","","","","-4.079999","","","","","","-3.648408","-4.079999","","","","","","","","D1 PROFILE","","","","",""
"62501900000129","Nodes","129","21.000000","31.924004","DDS demands","Known Flow","257838.660316","618981.042640","","0.000000","","","","","","-27.529999","","","","","","-24.617819","-27.529999","","","","","","","","D1 PROFILE","","","","",""
"62501900000803","Nodes","-289304","21.000000","32.037562","Default Known Flow Node","Known Flow","257854.984046","618981.670757","","0.000000","","","","","","","","","","","","0.000000","0.000000","","","","","","","","","","","","",""
"62501900000131","Nodes","131","21.000000","32.390517","DDS demands","Known Flow","257912.093336","618983.938641","","0.000000","","","","","","-3.960000","","","","","","-3.541102","-3.960000","","","","","","","","D1 PROFILE","","","","",""
"62501900000635","Nodes","-168839","21.000000","32.448612","Default Known Flow Node","Known Flow","257913.762797","618949.931421","","0.000000","","","","","","","","","","","","0.000000","0.000000","","","","","","","","","","","","",""
"62501900000136","Nodes","136","21.000000","32.986098","DDS demands","Known Flow","257971.791352","618814.636595","","0.000000","","","","","","-15.250000","","","","","","-13.636823","-15.250000","","","","","","","","D1 PROFILE","","","","",""
"62501900000134","Nodes","134","21.000000","32.980517","DDS demands","Known Flow","257938.820795","618814.128322","","0.000000","","","","","","-8.790000","","","","","","-7.860175","-8.790000","","","","","","","","D1 PROFILE","","","","",""
"62501900000236","Nodes","236","21.000000","31.341641","DDS demands","Known Flow","257686.449120","618654.139685","","0.000000","","","","-3.219999","","-7.849999","","","","","","-9.898992","-11.069999","","","","","","C4 PROFILE","","D1 PROFILE","","","","",""
"62501900000596","Nodes","-168797","21.000000","31.392769","Default Known Flow Node","Known Flow","257676.711272","618682.066559","","0.000000","","","","","","","","","","","","0.000000","0.000000","","","","","","","","","","","","",""
"62501900000135","Nodes","135","21.000000","31.354749","DDS demands","Known Flow","257659.352267","618734.313573","","0.000000","-7.139999","","","","","-31.719999","","","","","","-34.749309","-38.859998","","","C1 PROFILE","","","","","D1 PROFILE","","","","",""
"62501900000599","Nodes","","21.000000","31.338216","DDS demands","Known Flow","257694.287277","618864.128608","","0.000000","","","","","","-13.359999","","","","","","-11.946751","-13.359999","","","","","","","","D1 PROFILE","","","","",""
"62501900000594","Nodes","","21.000000","31.354749","Default Known Flow Node","Known Flow","257669.285344","618737.111743","","0.000000","","","","","","","","","","","","0.000000","0.000000","","","","","","","","","","","","",""
"62501900000580","Nodes","-168778","21.000000","32.184928","Default Known Flow Node","Known Flow","257557.908465","618853.312768","","0.000000","","","","","","","","","","","","0.000000","0.000000","","","","","","","","","","","","",""
"62501900000128","Nodes","128","21.000000","32.285767","DDS demands","Known Flow","257554.957239","618864.416608","","0.000000","","","","","","-13.060000","","","","","","-11.678486","-13.060000","","","","","","","","D1 PROFILE","","","","",""
"62501900000127","Nodes","127","21.000000","32.360790","DDS demands","Known Flow","257626.814258","618896.952617","","0.000000","","","","","","-19.969998","","","","","","-17.857530","-19.969998","","","","","","","","D1 PROFILE","","","","",""
"62501900000124","Nodes","124","21.000000","33.161309","DDS demands","Known Flow","257478.002218","618991.449643","","0.000000","","","","","","-11.230000","","","","","","-10.042066","-11.230000","","","","","","","","D1 PROFILE","","","","",""
"62501900000184","Nodes","184","21.000000","31.878541","Default Known Flow Node","Known Flow","257560.028240","618704.279565","","0.000000","","","","","","","","","","","","0.000000","0.000000","","","","","","","","","","","","",""
"62501900000585","Nodes","-168784","21.000000","32.273457","Default Known Flow Node","Known Flow","257579.589246","618831.987599","","0.000000","","","","","","","","","","","","0.000000","0.000000","","","","","","","","","","","","",""
"62501900000584","Nodes","-168783","21.000000","32.751701","Default Known Flow Node","Known Flow","257579.486693","618963.376998","","0.000000","","","","","","","","","","","","0.000000","0.000000","","","","","","","","","","","","",""
"62501900000593","Nodes","","21.000000","31.463998","DDS demands","Known Flow","257638.328261","618728.816571","","0.000000","","","","","","-1.469999","","","","","","-1.314500","-1.469999","","","","","","","","D1 PROFILE","","","","",""
"62501900000590","Nodes","","21.000000","32.734420","DDS demands","Known Flow","257614.119255","618945.655630","","0.000000","","","","","","-0.779999","","","","","","-0.697489","-0.779999","","","","","","","","D1 PROFILE","","","","",""
"62501900000591","Nodes","-168790","21.000000","31.765320","Default Known Flow Node","Known Flow","257628.004259","618744.153575","","0.000000","","","","","","","","","","","","0.000000","0.000000","","","","","","","","","","","","",""
"62501900000800","Nodes","-289300","21.000000","31.508374","Default Known Flow Node","Known Flow","257649.963265","618688.324560","","0.000000","","","","","","","","","","","","0.000000","0.000000","","","","","","","","","","","","",""
"62501900000598","Nodes","-168799","21.000000","31.392769","Default Known Flow Node","Known Flow","257686.106274","618706.483565","","0.000000","","","","","","","","","","","","0.000000","0.000000","","","","","","","","","","","","",""
"62501900000802","Nodes","","21.000000","31.192142","DDS demands","Known Flow","257702.831279","618899.463618","","0.000000","","","","","","-1.830000","","","","","","-1.636418","-1.830000","","","","","","","","D1 PROFILE","","","","",""
"62501900000607","Nodes","","21.000000","31.473284","DDS demands","Known Flow","257778.580300","618905.823619","","0.000000","","","","","","-9.609999","","","","","","-8.593433","-9.609999","","","","","","","","D1 PROFILE","","","","",""
"62501900000615","Nodes","-168818","21.000000","31.836102","Default Known Flow Node","Known Flow","257822.606312","618704.482565","","0.000000","","","","","","","","","","","","0.000000","0.000000","","","","","","","","","","","","",""
"62501900000609","Nodes","-168812","21.000000","32.126138","Default Known Flow Node","Known Flow","257784.939301","618972.820638","","0.000000","","","","","","","","","","","","0.000000","0.000000","","","","","","","","","","","","",""
"62501900000608","Nodes","","21.000000","31.308278","DDS demands","Known Flow","257779.504300","618929.793626","","0.000000","","","","","","-1.259999","","","","","","-1.126714","-1.259999","","","","","","","","D1 PROFILE","","","","",""
"62501900000733","Nodes","-171956","21.000000","31.942505","Default Known Flow Node","Known Flow","257808.761102","618977.802348","","0.000000","","","","","","","","","","","","0.000000","0.000000","","","","","","","","","","","","",""
"62501900000611","Nodes","-168814","21.000000","32.126138","Default Known Flow Node","Known Flow","257804.985307","618959.077634","","0.000000","","","","","","","","","","","","0.000000","0.000000","","","","","","","","","","","","",""
"62501900000614","Nodes","-168817","21.000000","31.836102","Default Known Flow Node","Known Flow","257818.435310","618721.340569","","0.000000","","","","","","","","","","","","0.000000","0.000000","","","","","","","","","","","","",""
"62501900000613","Nodes","-168816","21.000000","31.836102","Default Known Flow Node","Known Flow","257817.688310","618724.469570","","0.000000","","","","","","","","","","","","0.000000","0.000000","","","","","","","","","","","","",""
"62501900000612","Nodes","-168815","21.000000","31.836102","Default Known Flow Node","Known Flow","257805.410307","618761.626580","","0.000000","","","","","","","","","","","","0.000000","0.000000","","","","","","","","","","","","",""
"62501900000242","Nodes","242","21.000000","31.730243","DDS demands","Known Flow","257851.783320","618821.982597","","0.000000","","-6.000000","","","","-9.239999","","","","","","-13.627880","-15.239999","","","","C2 PROFILE","","","","D1 PROFILE","","","","",""
"62501900000250","Nodes","250","21.000000","31.606626","DDS demands","Known Flow","257864.556323","618863.639608","","0.000000","","","","","","-3.800000","","","","","","-3.398028","-3.800000","","","","","","","","D1 PROFILE","","","","",""
"62501900000249","Nodes","249","21.000000","32.015023","DDS demands","Known Flow","257870.907325","618794.333589","","0.000000","","","","","","-1.779999","","","","","","-1.591707","-1.779999","","","","","","","","D1 PROFILE","","","","",""
"62501900000624","Nodes","-168828","21.000000","31.977424","Default Known Flow Node","Known Flow","257881.900328","618747.405576","","0.000000","","","","","","","","","","","","0.000000","0.000000","","","","","","","","","","","","",""
"62501900000621","Nodes","-168824","21.000000","32.146993","Default Known Flow Node","Known Flow","257879.199327","618960.287634","","0.000000","","","","","","","","","","","","0.000000","0.000000","","","","","","","","","","","","",""
"62501900000636","Nodes","-168840","21.000000","32.444575","Default Known Flow Node","Known Flow","257913.984336","618945.418630","","0.000000","","","","","","","","","","","","0.000000","0.000000","","","","","","","","","","","","",""
"62501900000626","Nodes","-168830","21.000000","32.568900","Default Known Flow Node","Known Flow","257882.697328","618886.546614","","0.000000","","","","","","","","","","","","0.000000","0.000000","","","","","","","","","","","","",""
"62501900000637","Nodes","-168841","21.000000","32.568900","Default Known Flow Node","Known Flow","257915.786337","618906.278620","","0.000000","","","","","","","","","","","","0.000000","0.000000","","","","","","","","","","","","",""
"62501900000627","Nodes","-168831","21.000000","33.246032","Default Known Flow Node","Known Flow","257888.547330","618826.474598","","0.000000","","","","","","","","","","","","0.000000","0.000000","","","","","","","","","","","","",""
"62501900000629","Nodes","-168833","21.000000","33.246032","Default Known Flow Node","Known Flow","257888.688330","618811.768594","","0.000000","","","","","","","","","","","","0.000000","0.000000","","","","","","","","","","","","",""
"62501900000628","Nodes","-168832","21.000000","33.246032","Default Known Flow Node","Known Flow","257888.676330","618844.050603","","0.000000","","","","","","","","","","","","0.000000","0.000000","","","","","","","","","","","","",""
"62501900000634","Nodes","-168838","21.000000","33.246032","Default Known Flow Node","Known Flow","257908.987030","618849.571442","","0.000000","","","","","","","","","","","","0.000000","0.000000","","","","","","","","","","","","",""
"62501900000633","Nodes","-168837","21.000000","33.246032","Default Known Flow Node","Known Flow","257908.126335","618828.301598","","0.000000","","","","","","","","","","","","0.000000","0.000000","","","","","","","","","","","","",""
"62501900000133","Nodes","133","21.000000","32.568249","DDS demands","Known Flow","257916.045337","618903.288619","","0.000000","","","","","","-10.199999","","","","","","-9.121022","-10.199999","","","","","","","","D1 PROFILE","","","","",""
"62501900000807","Nodes","-289308","21.000000","32.745428","Default Known Flow Node","Known Flow","257907.821335","618872.060610","","0.000000","","","","","","","","","","","","0.000000","0.000000","","","","","","","","","","","","",""
"62501900000632","Nodes","-168836","21.000000","33.246032","Default Known Flow Node","Known Flow","257904.952334","618792.470589","","0.000000","","","","","","","","","","","","0.000000","0.000000","","","","","","","","","","","","",""
"62501900000639","Nodes","-168845","21.000000","33.241507","Default Known Flow Node","Known Flow","257918.078338","618752.953578","","0.000000","","","","","","","","","","","","0.000000","0.000000","","","","","","","","","","","","",""
"62501900000631","Nodes","-168835","21.000000","33.241507","Default Known Flow Node","Known Flow","257904.446334","618749.701577","","0.000000","","","","","","","","","","","","0.000000","0.000000","","","","","","","","","","","","",""
"62501900000641","Nodes","-168847","21.000000","32.404348","Default Known Flow Node","Known Flow","257932.073341","618961.965635","","0.000000","","","","","","","","","","","","0.000000","0.000000","","","","","","","","","","","","",""
"62501900000646","Nodes","-168852","21.000000","32.391158","Default Known Flow Node","Known Flow","257934.684342","618891.843616","","0.000000","","","","","","","","","","","","0.000000","0.000000","","","","","","","","","","","","",""
"62501900000647","Nodes","-168853","21.000000","32.980517","Default Known Flow Node","Known Flow","257937.937998","618814.128322","","0.000000","","","","","","","","","","","","0.000000","0.000000","","","","","","","","","","","","",""
"62501900000650","Nodes","-168857","21.000000","32.980517","Default Known Flow Node","Known Flow","257949.601346","618793.077589","","0.000000","","","","","","","","","","","","0.000000","0.000000","","","","","","","","","","","","",""
"62501900000651","Nodes","-168858","21.000000","32.936284","Default Known Flow Node","Known Flow","257955.083348","618846.765603","","0.000000","","","","","","","","","","","","0.000000","0.000000","","","","","","","","","","","","",""
"62501900000652","Nodes","Logger 9253, 1 Holmburn Road, Cumnock","21.000000","33.064439","Val Log Post","Known Flow","257972.862353","618766.677582","","0.000000","","","","","","","","","","","","0.000000","0.000000","","","","","","","","","","","","",""
"62501900000138","Nodes","138","21.000000","32.821433","DDS demands","Known Flow","257974.993353","618747.574576","","0.000000","","","","","","-6.699999","","","","","","-5.991259","-6.699999","","","","","","","","D1 PROFILE","","","","",""
"62501900000123","Nodes","123","21.000000","21.868393","DDS demands","Known Flow","257433.330206","618997.714644","","0.000000","","","","","","-11.979999","","","","","","-10.712730","-11.979999","","","","","","","","D1 PROFILE","","","","",""
"62501900000801","Nodes","-289301","21.000000","31.192142","Default Known Flow Node","Known Flow","257695.706277","618914.579622","","0.000000","","","","","","","","","","","","0.000000","0.000000","","","","","","","","","","","","",""
"62501900000804","Nodes","-289305","21.000000","32.170450","Default Known Flow Node","Known Flow","257858.552321","618965.072636","","0.000000","","","","","","","","","","","","0.000000","0.000000","","","","","","","","","","","","",""
"62501900000805","Nodes","-289306","21.000000","32.081851","Default Known Flow Node","Known Flow","257878.977327","618965.401636","","0.000000","","","","","","","","","","","","0.000000","0.000000","","","","","","","","","","","","",""
"62501900000806","Nodes","-289307","21.000000","32.745428","Default Known Flow Node","Known Flow","257898.974332","618871.583610","","0.000000","","","","","","","","","","","","0.000000","0.000000","","","","","","","","","","","","",""
"62501900000808","Nodes","-289309","21.000000","33.097815","Default Known Flow Node","Known Flow","257933.442342","618967.529636","","0.000000","","","","","","","","","","","","0.000000","0.000000","","","","","","","","","","","","",""
"62501900000773","Nodes","-175086","21.000000","32.132453","Default Known Flow Node","Known Flow","258300.958442","618620.187542","","0.000000","","","","","","","","","","","","0.000000","0.000000","","","","","","","","","","","","",""
"62501900000772","Nodes","-175085","21.000000","32.132453","Default Known Flow Node","Known Flow","258298.902441","618608.248538","","0.000000","","","","","","","","","","","","0.000000","0.000000","","","","","","","","","","","","",""
"62501900000265","Nodes","265","21.000000","33.439477","DDS demands","Known Flow","258466.216487","618844.409603","","0.000000","-5.369999","","","","","-7.420000","","","","","","-11.437046","-12.789999","","","C1 PROFILE","","","","","D1 PROFILE","","","","",""
"62501900000266","Nodes","266","21.000000","33.439524","DDS demands","Known Flow","258463.086486","618845.899603","","0.000000","","","","","","-0.880000","","","","","","-0.786911","-0.880000","","","","","","","","D1 PROFILE","","","","",""
"62501900000268","Nodes","268","21.000000","33.307524","DDS demands","Known Flow","258480.075491","618822.286597","","0.000000","","","","","","-1.510000","","","","","","-1.350269","-1.510000","","","","","","","","D1 PROFILE","","","","",""
"62501900000267","Nodes","267","21.000000","33.277645","DDS demands","Known Flow","258442.629480","618836.426601","","0.000000","","","","","","-1.510000","","","","","","-1.350269","-1.510000","","","","","","","","D1 PROFILE","","","","",""
"62501900000142","Nodes","142","21.000000","33.307366","DDS demands","Known Flow","258413.703472","618864.522608","","0.000000","","","","","","-6.399999","","","","","","-5.722994","-6.399999","","","","","","","","D1 PROFILE","","","","",""
"62501900000778","Nodes","-175092","21.000000","33.308547","Default Known Flow Node","Known Flow","258375.005013","618888.533634","","0.000000","","","","","","","","","","","","0.000000","0.000000","","","","","","","","","","","","",""
"62501900000775","Nodes","-175088","21.000000","32.132453","Default Known Flow Node","Known Flow","258316.704446","618606.121538","","0.000000","","","","","","","","","","","","0.000000","0.000000","","","","","","","","","","","","",""
"62501900000776","Nodes","-175089","21.000000","33.176574","Default Known Flow Node","Known Flow","258334.292100","618902.199239","","0.000000","","","","","","","","","","","","0.000000","0.000000","","","","","","","","","","","","",""
"62501900000141","Nodes","141","21.000000","33.044356","DDS demands","Known Flow","258304.327443","618903.541619","","0.000000","","","","","","-24.919999","","","","","","-22.283908","-24.919999","","","","","","","","D1 PROFILE","","","","",""
"62501900000777","Nodes","-175090","21.000000","33.176574","Default Known Flow Node","Known Flow","258352.961456","618870.728610","","0.000000","","","","","","","","","","","","0.000000","0.000000","","","","","","","","","","","","",""
"62501900000779","Nodes","-175093","21.000000","33.308502","Default Known Flow Node","Known Flow","258377.457463","618862.548608","","0.000000","","","","","","","","","","","","0.000000","0.000000","","","","","","","","","","","","",""
"62501900000144","Nodes","144","21.000000","33.483639","DDS demands","Known Flow","258550.694510","618827.298598","","0.000000","-3.609999","","","","","-2.850000","","","","","","-5.776647","-6.459999","","","C1 PROFILE","","","","","D1 PROFILE","","","","",""
"62501900000113","Nodes","113","21.000000","28.808916","DDS demands","Known Flow","256611.960982","619339.945738","","0.000000","","","","","","-32.400002","","","","","","-28.972661","-32.400002","","","","","","","","D1 PROFILE","","","","",""
"62501900000114","Nodes","114","21.000000","28.235892","DDS demands","Known Flow","256676.711000","619238.945710","","0.000000","","","","","","-18.019999","","","","","","-16.113806","-18.019999","","","","","","","","D1 PROFILE","","","","",""
"62501900000244","Nodes","244","21.000000","28.792835","DDS demands","Known Flow","256793.336032","619412.195757","","0.000000","","","","","","-8.939999","","","","","","-7.994307","-8.939999","","","","","","","","D1 PROFILE","","","","",""
"62501900000245","Nodes","245","21.000000","29.264062","DDS demands","Known Flow","256865.336051","619383.945750","","0.000000","","","","","","-12.830000","","","","","","-11.472815","-12.830000","","","","","","","","D1 PROFILE","","","","",""
"62501900000254","Nodes","254","21.000000","24.093554","DDS demands","Known Flow","256776.586027","619418.320759","","0.000000","","","","","","-9.509999","","","","","","-8.504012","-9.509999","","","","","","","","D1 PROFILE","","","","",""
"62501900000181","Nodes","181","21.000000","25.724461","DDS demands","Known Flow","256787.961030","619426.820761","","0.000000","","","","","","-4.579999","","","","","","-4.095518","-4.579999","","","","","","","","D1 PROFILE","","","","",""
"62501900000246","Nodes","246","21.000000","29.124494","DDS demands","Known Flow","256876.961054","619410.069757","","0.000000","","","","","","-10.909999","","","","","","-9.755916","-10.909999","","","","","","","","D1 PROFILE","","","","",""
"62501900000247","Nodes","247","21.000000","28.966856","DDS demands","Known Flow","256935.961070","619370.695746","","0.000000","","","","","","-5.859999","","","","","","-5.240117","-5.859999","","","","","","","","D1 PROFILE","","","","",""
"62501900000260","Nodes","P07114775/01, Cairn Road CSEP, -27.690SCMH","22.999998","28.250531","CSEP DDS Matched","Known Flow","256925.087067","619223.447706","","0.000000","","","","","","","-27.690000","","","","","-24.760893","-27.690000","","","","","","","","","DC PROFILE","","","",""
"62501900000259","Nodes","259","21.000000","31.895101","DDS demands","Known Flow","256987.461084","619325.070734","","0.000000","","","","","","-14.579999","","","","","","-13.037696","-14.579999","","","","","","","","D1 PROFILE","","","","",""
"62501900000714","Nodes","-171908","21.000000","29.843289","Default Known Flow Node","Known Flow","256665.890847","619401.532763","","0.000000","","","","","","","","","","","","0.000000","0.000000","","","","","","","","","","","","",""
"62501900000111","Nodes","111","21.000000","30.490386","DDS demands","Known Flow","256683.336002","619480.070776","","0.000000","","","","","","-5.160000","","","","","","-4.614164","-5.160000","","","","","","","","D1 PROFILE","","","","",""
"62501900000719","Nodes","-171913","21.000000","30.044441","Default Known Flow Node","Known Flow","256699.962294","619365.033245","","0.000000","","","","","","","","","","","","0.000000","0.000000","","","","","","","","","","","","",""
"62501900000720","Nodes","-171914","21.000000","29.956114","Default Known Flow Node","Known Flow","256710.586009","619404.695755","","0.000000","","","","","","","","","","","","0.000000","0.000000","","","","","","","","","","","","",""
"62501900000724","Nodes","-171918","21.000000","30.365590","Default Known Flow Node","Known Flow","256850.336047","619352.445741","","0.000000","","","","","","","","","","","","0.000000","0.000000","","","","","","","","","","","","",""
"62501900000112","Nodes","112","21.000000","29.560298","DDS demands","Known Flow","256668.210998","619362.945744","","0.000000","","","","","","-17.639999","","","","","","-15.774003","-17.639999","","","","","","","","D1 PROFILE","","","","",""
"62501900000110","Nodes","110","21.000000","28.204366","DDS demands","Known Flow","256531.216960","619468.069772","","0.000000","","","","","","-11.319999","","","","","","-10.122546","-11.319999","","","","","","","","D1 PROFILE","","","","",""
"62501900000722","Nodes","-171916","21.000000","28.663013","Default Known Flow Node","Known Flow","256793.211032","619437.944764","","0.000000","","","","","","","","","","","","0.000000","0.000000","","","","","","","","","","","","",""
"62501900000077","Nodes","77","21.000000","29.023168","DDS demands","Known Flow","256900.588404","619459.817326","","0.000000","","","","","","-13.149999","","","","","","-11.758964","-13.149999","","","","","","","","D1 PROFILE","","","","",""
"62501900000716","Nodes","-171910","21.000000","29.757626","Default Known Flow Node","Known Flow","256679.210001","619364.320744","","0.000000","","","","","","","","","","","","0.000000","0.000000","","","","","","","","","","","","",""
"62501900000717","Nodes","-171911","21.000000","29.757626","Default Known Flow Node","Known Flow","256679.336001","619346.445739","","0.000000","","","","","","","","","","","","0.000000","0.000000","","","","","","","","","","","","",""
"62501900000718","Nodes","-171912","21.000000","29.757626","Default Known Flow Node","Known Flow","256690.086003","619347.441740","","0.000000","","","","","","","","","","","","0.000000","0.000000","","","","","","","","","","","","",""
"62501900000715","Nodes","-171909","21.000000","29.713438","Default Known Flow Node","Known Flow","256668.836998","619345.319739","","0.000000","","","","","","","","","","","","0.000000","0.000000","","","","","","","","","","","","",""
"62501900000721","Nodes","-171915","21.000000","29.911958","Default Known Flow Node","Known Flow","256715.961011","619427.695761","","0.000000","","","","","","","","","","","","0.000000","0.000000","","","","","","","","","","","","",""
"62501900000756","Nodes","-173867","21.000000","29.052336","Default Known Flow Node","Known Flow","256815.086037","619483.195777","","0.000000","","","","","","","","","","","","0.000000","0.000000","","","","","","","","","","","","",""
"62501900000723","Nodes","-171917","21.000000","29.229383","Default Known Flow Node","Known Flow","256833.961043","619483.820777","","0.000000","","","","","","","","","","","","0.000000","0.000000","","","","","","","","","","","","",""
"62501900000119","Nodes","119","21.000000","27.976959","DDS demands","Known Flow","257333.130104","619005.527421","","0.000000","","","","","","-2.019999","","","","","","-1.806320","-2.019999","","","","","","","","D1 PROFILE","","","","",""
"62501900000258","Nodes","258","21.000000","33.512188","DDS demands","Known Flow","257228.307150","619348.053740","","0.000000","-9.390000","","","","","","","","","","","-8.396706","-9.390000","","","C1 PROFILE","","","","","","","","","",""
"62501900000117","Nodes","117","21.000000","33.691155","DDS demands","Known Flow","257308.427373","619177.001912","","0.000000","","","","","","-3.859999","","","","","","-3.451680","-3.859999","","","","","","","","D1 PROFILE","","","","",""
"62501900000707","Nodes","-170448","21.000000","34.225575","Default Known Flow Node","Known Flow","257390.482194","619095.681671","","0.000000","","","","","","","","","","","","0.000000","0.000000","","","","","","","","","","","","",""
"62501900000408","Nodes","MENZIES AVENUE DG, TEL, CLOCKED, SITE ID 3255","21.000000","34.999999","Default Known Pressure Node","Known Pressure","257402.019197","619078.327666","","2514.899876","","","","","","","","","","","","1149.122768","1285.059022","","","","","","","","","","","","",""
"62501900000102","Nodes","102","21.000000","29.169013","DDS demands","Known Flow","257235.606152","619495.794780","","0.000000","","","","","","-12.680000","","","","","","-11.338683","-12.680000","","","","","","","","D1 PROFILE","","","","",""
"62501900000211","Nodes","211","21.000000","28.893000","DDS demands","Known Flow","257241.919842","619498.827777","","0.000000","","","","","","-1.720000","","","","","","-1.538054","-1.720000","","","","","","","","D1 PROFILE","","","","",""
"62501900000789","Nodes","-177278","21.000000","31.926207","Default Known Flow Node","Known Flow","257007.131214","619359.179356","","0.000000","","","","","","","","","","","","0.000000","0.000000","","","","","","","","","","","","",""
"62501900000790","Nodes","","21.000000","31.747657","DDS demands","Known Flow","257023.534094","619328.664735","","0.000000","","","","","","-6.429999","","","","","","-5.749820","-6.429999","","","","","","","","D1 PROFILE","","","","",""
"62501900000731","Nodes","-171954","21.000000","31.942505","Default Known Flow Node","Known Flow","257789.314303","618997.853645","","0.000000","","","","","","","","","","","","0.000000","0.000000","","","","","","","","","","","","",""
"62501900000732","Nodes","-171955","21.000000","31.942505","Default Known Flow Node","Known Flow","257804.576984","619001.354339","","0.000000","","","","","","","","","","","","0.000000","0.000000","","","","","","","","","","","","",""
"62501900000121","Nodes","121","21.000000","33.209574","DDS demands","Known Flow","257526.585231","619031.752654","","0.000000","","","","","","-15.560000","","","","","","-13.914031","-15.560000","","","","","","","","D1 PROFILE","","","","",""
"62501900000799","Nodes","-289298","21.000000","33.455042","Default Known Flow Node","Known Flow","257504.746225","619045.934658","","0.000000","","","","","","","","","","","","0.000000","0.000000","","","","","","","","","","","","",""
"62501900000122","Nodes","122","21.000000","33.775923","DDS demands","Known Flow","257554.581239","619068.466664","","0.000000","","","","","","-13.789999","","","","","","-12.331264","-13.789999","","","","","","","","D1 PROFILE","","","","",""
"62501900000125","Nodes","125","21.000000","33.511405","DDS demands","Known Flow","257652.489265","619036.701655","","0.000000","","","","","","-22.419998","","","","","","-20.048364","-22.419998","","","","","","","","D1 PROFILE","","","","",""
"62501900000736","Nodes","-171959","21.000000","33.286688","Default Known Flow Node","Known Flow","257827.459313","619027.593653","","0.000000","","","","","","","","","","","","0.000000","0.000000","","","","","","","","","","","","",""
"62501900000734","Nodes","","21.000000","33.242549","Default Known Flow Node","Known Flow","257808.968308","619026.186652","","0.000000","","","","","","","","","","","","0.000000","0.000000","","","","","","","","","","","","",""
"62501900000737","Nodes","","21.000000","33.286688","Default Known Flow Node","Known Flow","257848.467319","619028.835653","","0.000000","","","","","","","","","","","","0.000000","0.000000","","","","","","","","","","","","",""
"62501900000738","Nodes","-171961","21.000000","31.986794","Default Known Flow Node","Known Flow","257852.322320","619004.801646","","0.000000","","","","","","","","","","","","0.000000","0.000000","","","","","","","","","","","","",""
"62501900000739","Nodes","-171962","21.000000","33.168311","Default Known Flow Node","Known Flow","257871.712325","619007.282647","","0.000000","","","","","","","","","","","","0.000000","0.000000","","","","","","","","","","","","",""
"62501900000742","Nodes","-171965","21.000000","33.124111","Default Known Flow Node","Known Flow","257967.419351","619008.059647","","0.000000","","","","","","","","","","","","0.000000","0.000000","","","","","","","","","","","","",""
"62501900000126","Nodes","126","21.000000","33.685892","DDS demands","Known Flow","257644.771263","618997.099644","","0.000000","","","","","","-4.639999","","","","","","-4.149170","-4.639999","","","","","","","","D1 PROFILE","","","","",""
"62501900000727","Nodes","","21.000000","33.341582","DDS demands","Known Flow","257762.537295","619037.489655","","0.000000","","","","","","-8.300000","","","","","","-7.422008","-8.300000","","","","","","","","D1 PROFILE","","","","",""
"62501900000735","Nodes","-171958","21.000000","33.286688","Default Known Flow Node","Known Flow","257825.916313","619047.457658","","0.000000","","","","","","","","","","","","0.000000","0.000000","","","","","","","","","","","","",""
"62501900000728","Nodes","","21.000000","33.579589","DDS demands","Known Flow","257771.195298","619018.612650","","0.000000","","","","","","-1.840000","","","","","","-1.645360","-1.840000","","","","","","","","D1 PROFILE","","","","",""
"62501900000729","Nodes","","21.000000","33.622950","DDS demands","Known Flow","257777.326299","619003.207646","","0.000000","","","","","","-0.820000","","","","","","-0.733258","-0.820000","","","","","","","","D1 PROFILE","","","","",""
"62501900000730","Nodes","","21.000000","33.621115","DDS demands","Known Flow","257784.460301","619021.593651","","0.000000","","","","","","-1.659999","","","","","","-1.484401","-1.659999","","","","","","","","D1 PROFILE","","","","",""
"62501900000741","Nodes","-171964","21.000000","33.010267","Default Known Flow Node","Known Flow","257948.449183","619049.795806","","0.000000","","","","","","","","","","","","0.000000","0.000000","","","","","","","","","","","","",""
"62501900000811","Nodes","-290928","21.000000","32.979356","Default Known Flow Node","Known Flow","257958.479493","619040.816628","","0.000000","","","","","","","","","","","","0.000000","0.000000","","","","","","","","","","","","",""
"62501900000740","Nodes","","21.000000","33.010267","Default Known Flow Node","Known Flow","257873.343325","619030.419653","","0.000000","","","","","","","","","","","","0.000000","0.000000","","","","","","","","","","","","",""
"62501900000810","Nodes","-290927","21.000000","32.979356","Default Known Flow Node","Known Flow","257945.672345","619026.568652","","0.000000","","","","","","","","","","","","0.000000","0.000000","","","","","","","","","","","","",""
"62501900000366","Nodes","366","21.000000","34.745340","DDS demands","Known Flow","256435.960934","619907.320892","","0.000000","","","","","","","","","-10.140000","","","-9.067369","-10.140000","","","","","","","","","","","I2 PROFILE","",""
"62501900000155","Nodes","155","21.000000","34.611733","DDS demands","Known Flow","256412.585928","619905.195891","","0.000000","-2.970000","","","","","","","","","","","-2.655827","-2.970000","","","C1 PROFILE","","","","","","","","","",""
"62501900000039","Nodes","39","21.000000","33.880525","DDS demands","Known Flow","256289.335894","619902.195891","","0.000000","","","","","","-2.759999","","","","","","-2.468041","-2.759999","","","","","","","","D1 PROFILE","","","","",""
"62501900000362","Nodes","362","21.000000","32.303250","DDS demands","Known Flow","256202.710871","619916.695895","","0.000000","","","","","","-18.959999","","","","","","-16.954371","-18.959999","","","","","","","","D1 PROFILE","","","","",""
"62501900000748","Nodes","-171996","21.000000","34.568035","Default Known Flow Node","Known Flow","256404.835926","619905.195891","","0.000000","","","","","","","","","","","","0.000000","0.000000","","","","","","","","","","","","",""
"62501900000156","Nodes","156","21.000000","33.043690","Default Known Flow Node","Known Flow","256379.135344","619866.768448","","0.000000","","","","","","","","","","","","0.000000","0.000000","","","","","","","","","","","","",""
"62501900000231","Nodes","231","21.000000","34.476983","Default Known Flow Node","Known Flow","256395.710923","619904.070891","","0.000000","","","","","","","","","","","","0.000000","0.000000","","","","","","","","","","","","",""
"62501900000746","Nodes","-171994","21.000000","34.477682","Default Known Flow Node","Known Flow","256398.835924","619904.445891","","0.000000","","","","","","","","","","","","0.000000","0.000000","","","","","","","","","","","","",""
"62501900000232","Nodes","232","21.000000","34.555255","DDS demands","Known Flow","256402.335925","619904.820891","","0.000000","","","","","","-2.619999","","","","","","-2.342850","-2.619999","","","","","","","","D1 PROFILE","","","","",""
"62501900000745","Nodes","","21.000000","33.010770","DDS demands","Known Flow","256379.210919","619865.445881","","0.000000","-65.500002","","","","","","","","","","","-58.571276","-65.500002","","","C1 PROFILE","","","","","","","","","",""
"62501900000373","Nodes","373","21.000000","34.745126","Default Known Flow Node","Known Flow","256434.335934","619938.070900","","0.000000","","","","","","","","","","","","0.000000","0.000000","","","","","","","","","","","","",""
"62501900000815","Nodes","-291111","21.000000","34.738563","Default Known Flow Node","Known Flow","256431.917082","619970.567645","","0.000000","","","","","","","","","","","","0.000000","0.000000","","","","","","","","","","","","",""
"62501900000360","Nodes","360","21.000000","33.852127","DDS demands","Known Flow","256288.460894","619940.320901","","0.000000","","","","","","-4.750000","","","","","","-4.247535","-4.750000","","","","","","","","D1 PROFILE","","","","",""
"62501900000812","Nodes","-291107","21.000000","34.425369","Default Known Flow Node","Known Flow","256397.491494","619912.550961","","0.000000","","","","","","","","","","","","0.000000","0.000000","","","","","","","","","","","","",""
"62501900000749","Nodes","-171998","21.000000","34.745208","Default Known Flow Node","Known Flow","256435.585934","619926.070897","","0.000000","","","","","","","","","","","","0.000000","0.000000","","","","","","","","","","","","",""
"62501900000750","Nodes","-171999","21.000000","34.745208","Default Known Flow Node","Known Flow","256473.835945","619932.070899","","0.000000","","","","","","","","","","","","0.000000","0.000000","","","","","","","","","","","","",""
"62501900000816","Nodes","-291112","21.000000","34.738563","Default Known Flow Node","Known Flow","256434.210934","619970.820909","","0.000000","","","","","","","","","","","","0.000000","0.000000","","","","","","","","","","","","",""
"62501900000074","Nodes","74","21.000000","29.153440","DDS demands","Known Flow","256929.961069","619534.570791","","0.000000","","","","","","-21.340000","","","","","","-19.082610","-21.340000","","","","","","","","D1 PROFILE","","","","",""
"62501900000425","Nodes","425","21.000000","35.071075","Default Known Flow Node","Known Flow","256602.960980","619734.195845","","0.000000","","","","","","","","","","","","0.000000","0.000000","","","","","","","","","","","","",""
"62501900000368","Nodes","368","21.000000","34.787488","DDS demands","Known Flow","256665.585997","619700.695836","","0.000000","","","","","","-10.270000","","","","","","-9.183618","-10.270000","","","","","","","","D1 PROFILE","","","","",""
"62501900000364","Nodes","364","21.000000","32.791926","Default Known Flow Node","Known Flow","256773.336026","619931.445899","","0.000000","","","","","","","","","","","","0.000000","0.000000","","","","","","","","","","","","",""
"62501900000754","Nodes","-173865","21.000000","32.805070","Default Known Flow Node","Known Flow","256773.711026","619936.945900","","0.000000","","","","","","","","","","","","0.000000","0.000000","","","","","","","","","","","","",""
"62501900000755","Nodes","","21.000000","32.805070","DDS demands","Known Flow","256773.711026","619938.570900","","0.000000","","","","","","-4.469999","","","","","","-3.997153","-4.469999","","","","","","","","D1 PROFILE","","","","",""
"62501900000105","Nodes","105","21.000000","30.622394","DDS demands","Known Flow","256887.711057","619726.445843","","0.000000","","","","","","-13.239999","","","","","","-11.839444","-13.239999","","","","","","","","D1 PROFILE","","","","",""
"62501900000209","Nodes","209","21.000000","31.095501","DDS demands","Known Flow","256941.961072","619772.820855","","0.000000","","","","","","-21.699999","","","","","","-19.404527","-21.699999","","","","","","","","D1 PROFILE","","","","",""
"62501900000424","Nodes","424","21.000000","30.681552","DDS demands","Known Flow","256590.960976","619819.070868","","0.000000","","","","","","-33.330001","","","","","","-29.804283","-33.330001","","","","","","","","D1 PROFILE","","","","",""
"62501900000067","Nodes","67","21.000000","30.251892","DDS demands","Known Flow","256847.086046","619703.945837","","0.000000","","","","","","-19.879999","","","","","","-17.777052","-19.879999","","","","","","","","D1 PROFILE","","","","",""
"62501900000367","Nodes","367","21.000000","35.113132","DDS demands","Known Flow","256582.352974","619749.045849","","0.000000","","","","","","-26.080000","","","","","","-23.321203","-26.080000","","","","","","","","D1 PROFILE","","","","",""
"62501900000369","Nodes","369","21.000000","34.927461","DDS demands","Known Flow","256731.836015","619666.695827","","0.000000","","","","","","-12.399999","","","","","","-11.088301","-12.399999","","","","","","","","D1 PROFILE","","","","",""
"62501900000426","Nodes","426","21.000000","34.771966","DDS demands","Known Flow","256674.960999","619624.570815","","0.000000","","","","","","-7.690000","","","","","","-6.876535","-7.690000","","","","","","","","D1 PROFILE","","","","",""
"62501900000370","Nodes","370","21.000000","34.682381","DDS demands","Known Flow","256713.586010","619643.320820","","0.000000","","","","","","-9.029999","","","","","","-8.074787","-9.029999","","","","","","","","D1 PROFILE","","","","",""
"62501900000663","Nodes","-170142","21.000000","34.883665","Default Known Flow Node","Known Flow","256789.709031","619642.820820","","0.000000","","","","","","","","","","","","0.000000","0.000000","","","","","","","","","","","","",""
"62501900000371","Nodes","371","21.000000","33.808895","DDS demands","Known Flow","256653.960994","619551.695795","","0.000000","","","","","","-8.890000","","","","","","-7.949597","-8.890000","","","","","","","","D1 PROFILE","","","","",""
"62501900000372","Nodes","372","21.000000","30.541454","DDS demands","Known Flow","256722.336012","619475.820775","","0.000000","","","","","","-7.400000","","","","","","-6.617212","-7.400000","","","","","","","","D1 PROFILE","","","","",""
"62501900000066","Nodes","66","21.000000","30.518814","DDS demands","Known Flow","256850.711047","619732.070844","","0.000000","","","","","","-6.190000","","","","","","-5.535208","-6.190000","","","","","","","","D1 PROFILE","","","","",""
"62501900000664","Nodes","-170143","21.000000","31.958972","Default Known Flow Node","Known Flow","256840.211044","619846.320875","","0.000000","","","","","","","","","","","","0.000000","0.000000","","","","","","","","","","","","",""
"62501900000049","Nodes","49","21.000000","32.692958","DDS demands","Known Flow","256883.461056","619872.195882","","0.000000","-4.060000","","","","","-24.469998","","","","","","-25.512035","-28.529998","","","C1 PROFILE","","","","","D1 PROFILE","","","","",""
"62501900000667","Nodes","-170146","21.000000","33.191865","Default Known Flow Node","Known Flow","256928.711068","619892.445888","","0.000000","","","","","","","","","","","","0.000000","0.000000","","","","","","","","","","","","",""
"62501900000177","Nodes","177","21.000000","32.672976","DDS demands","Known Flow","256796.086032","619901.820890","","0.000000","","","","","","-2.259999","","","","","","-2.020932","-2.259999","","","","","","","","D1 PROFILE","","","","",""
"62501900000178","Nodes","178","21.000000","32.547789","DDS demands","Known Flow","256761.586023","619847.695876","","0.000000","","","","","","-4.289999","","","","","","-3.836194","-4.289999","","","","","","","","D1 PROFILE","","","","",""
"62501900000042","Nodes","","21.000000","32.849137","DDS demands","Known Flow","256777.086027","619939.570901","","0.000000","","","","","","-15.869999","","","","","","-14.191237","-15.869999","","","","","","","","D1 PROFILE","","","","",""
"62501900000078","Nodes","78","21.000000","29.641516","DDS demands","Known Flow","256868.336052","619613.070812","","0.000000","","","","","","-19.440000","","","","","","-17.383595","-19.440000","","","","","","","","D1 PROFILE","","","","",""
"62501900000069","Nodes","69","21.000000","31.027481","DDS demands","Known Flow","256975.086081","619636.945818","","0.000000","","","","","","-18.889999","","","","","","-16.891776","-18.889999","","","","","","","","D1 PROFILE","","","","",""
"62501900000068","Nodes","68","21.000000","30.290787","DDS demands","Known Flow","256951.836075","619598.445808","","0.000000","","","","","","-15.079999","","","","","","-13.484805","-15.079999","","","","","","","","D1 PROFILE","","","","",""
"62501900000762","Nodes","-173875","21.000000","29.242080","Default Known Flow Node","Known Flow","256983.759083","619503.418782","","0.000000","","","","","","","","","","","","0.000000","0.000000","","","","","","","","","","","","",""
"62501900000666","Nodes","-170145","21.000000","30.712649","Default Known Flow Node","Known Flow","256905.586062","619699.445835","","0.000000","","","","","","","","","","","","0.000000","0.000000","","","","","","","","","","","","",""
"62501900000668","Nodes","-170147","21.000000","30.845058","Default Known Flow Node","Known Flow","256939.883071","619697.819835","","0.000000","","","","","","","","","","","","0.000000","0.000000","","","","","","","","","","","","",""
"62501900000170","Nodes","170","21.000000","30.857681","DDS demands","Known Flow","256923.586067","619802.070863","","0.000000","","","","","","-5.039999","","","","","","-4.506857","-5.039999","","","","","","","","D1 PROFILE","","","","",""
"62501900000665","Nodes","-170144","21.000000","30.857681","Default Known Flow Node","Known Flow","256904.461062","619830.820871","","0.000000","","","","","","","","","","","","0.000000","0.000000","","","","","","","","","","","","",""
"62501900000817","Nodes","-291224","21.000000","30.857681","Default Known Flow Node","Known Flow","256897.836060","619783.945858","","0.000000","","","","","","","","","","","","0.000000","0.000000","","","","","","","","","","","","",""
"62501900000079","Nodes","79","21.000000","32.744803","DDS demands","Known Flow","257047.561101","619455.521769","","0.000000","","","","","","-4.900000","","","","","","-4.381668","-4.900000","","","","","","","","D1 PROFILE","","","","",""
"62501900000073","Nodes","73","21.000000","32.832473","DDS demands","Known Flow","257103.916116","619569.349800","","0.000000","","","","","","-2.660000","","","","","","-2.378619","-2.660000","","","","","","","","D1 PROFILE","","","","",""
"62501900000171","Nodes","171","21.000000","31.451879","DDS demands","Known Flow","257014.877092","619675.064829","","0.000000","","","","","","-15.449999","","","","","","-13.815665","-15.449999","","","","","","","","D1 PROFILE","","","","",""
"62501900000379","Nodes","379","21.000000","30.451567","DDS demands","Known Flow","257248.600155","619837.911873","","0.000000","","","","","","-14.999999","","","","","","-13.413268","-14.999999","","","","","","","","D1 PROFILE","","","","",""
"62501900000682","Nodes","-170349","21.000000","30.583904","Default Known Flow Node","Known Flow","257342.649181","619771.881855","","0.000000","","","","","","","","","","","","0.000000","0.000000","","","","","","","","","","","","",""
"62501900000063","Nodes","63","21.000000","31.417252","DDS demands","Known Flow","257148.734128","619807.581865","","0.000000","","","","","","-26.030000","","","","","","-23.276492","-26.030000","","","","","","","","D1 PROFILE","","","","",""
"62501900000679","Nodes","-170344","21.000000","31.753367","Default Known Flow Node","Known Flow","257117.705657","619790.768310","","0.000000","","","","","","","","","","","","0.000000","0.000000","","","","","","","","","","","","",""
"62501900000210","Nodes","210","21.000000","26.369781","DDS demands","Known Flow","257300.453575","619563.548827","","0.000000","","","","-6.919999","","-19.180000","","","","","","-23.339087","-26.099999","","","","","","C4 PROFILE","","D1 PROFILE","","","","",""
"62501900000670","Nodes","-170333","21.000000","32.794155","Default Known Flow Node","Known Flow","257040.341099","619712.475839","","0.000000","","","","","","","","","","","","0.000000","0.000000","","","","","","","","","","","","",""
"62501900000677","Nodes","-170341","21.000000","32.794155","Default Known Flow Node","Known Flow","257058.212104","619703.414836","","0.000000","","","","","","","","","","","","0.000000","0.000000","","","","","","","","","","","","",""
"62501900000672","Nodes","","21.000000","31.763520","DDS demands","Known Flow","257045.597100","619591.599806","","0.000000","","","","","","-0.880000","","","","","","-0.786911","-0.880000","","","","","","","","D1 PROFILE","","","","",""
"62501900000671","Nodes","","21.000000","31.764206","DDS demands","Known Flow","257043.554100","619579.164803","","0.000000","","","","","","-1.019999","","","","","","-0.912102","-1.019999","","","","","","","","D1 PROFILE","","","","",""
"62501900000675","Nodes","-170339","21.000000","32.129340","Default Known Flow Node","Known Flow","257053.001102","619963.730907","","0.000000","","","","","","","","","","","","0.000000","0.000000","","","","","","","","","","","","",""
"62501900000674","Nodes","-170338","21.000000","32.129340","Default Known Flow Node","Known Flow","257051.626102","619967.355908","","0.000000","","","","","","","","","","","","0.000000","0.000000","","","","","","","","","","","","",""
"62501900000681","Nodes","-170347","21.000000","30.858747","Default Known Flow Node","Known Flow","257193.382854","619782.709441","","0.000000","","","","","","","","","","","","0.000000","0.000000","","","","","","","","","","","","",""
"62501900000050","Nodes","50","21.000000","30.106330","DDS demands","Known Flow","257109.118117","619933.059899","","0.000000","","","","","","-21.249999","","","","","","-19.002130","-21.249999","","","","","","","","D1 PROFILE","","","","",""
"62501900000072","Nodes","72","21.000000","28.015581","DDS demands","Known Flow","257252.275194","619669.934702","","0.000000","","","","","","-15.160000","","","","","","-13.556343","-15.160000","","","","","","","","D1 PROFILE","","","","",""
"62501900000669","Nodes","-170332","21.000000","32.794155","Default Known Flow Node","Known Flow","257030.343096","619706.690837","","0.000000","","","","","","","","","","","","0.000000","0.000000","","","","","","","","","","","","",""
"62501900000678","Nodes","-170342","21.000000","31.807663","Default Known Flow Node","Known Flow","257079.961110","619592.780806","","0.000000","","","","","","","","","","","","0.000000","0.000000","","","","","","","","","","","","",""
"62501900000673","Nodes","-170337","21.000000","31.953322","Default Known Flow Node","Known Flow","257045.936562","619983.825031","","0.000000","","","","","","","","","","","","0.000000","0.000000","","","","","","","","","","","","",""
"62501900000676","Nodes","-170340","21.000000","32.129340","Default Known Flow Node","Known Flow","257056.877103","619972.480910","","0.000000","","","","","","","","","","","","0.000000","0.000000","","","","","","","","","","","","",""
"62501900000522","Nodes","-1021652","21.000000","33.080641","Default Known Flow Node","Known Flow","257115.966119","619565.533799","","0.000000","","","","","","","","","","","","0.000000","0.000000","","","","","","","","","","","","",""
"62501900000680","Nodes","-170345","21.000000","31.757393","Default Known Flow Node","Known Flow","257118.559120","619789.309860","","0.000000","","","","","","","","","","","","0.000000","0.000000","","","","","","","","","","","","",""
"62501900000292","Nodes","292","21.000000","45.009700","DDS demands","Known Flow","257562.247241","619568.076800","","0.000000","","","","","","-15.330000","","","","","","-13.708360","-15.330000","","","","","","","","D1 PROFILE","","","","",""
"62501900000684","Nodes","-170417","21.000000","45.230369","Default Known Flow Node","Known Flow","257549.249237","619597.664808","","0.000000","","","","","","","","","","","","0.000000","0.000000","","","","","","","","","","","","",""
"62501900000277","Nodes","BIRCHWOOD ROAD/BARSHARE DG, TEL, CONSTANT SETTING, SITE ID 3254","21.000000","49.999998","Default Known Pressure Node","Known Pressure","257721.594284","619587.320805","","4899.499808","","","","","","","","","","","","838.678013","937.889992","","","","","","","","","","","","",""
"62501900000278","Nodes","278","21.000000","49.745750","DDS demands","Known Flow","257721.924284","619600.751809","","0.000000","","","","","","-6.010000","","","","","","-5.374249","-6.010000","","","","","","","","D1 PROFILE","","","","",""
"62501900000295","Nodes","295","21.000000","46.434735","DDS demands","Known Flow","257598.635251","619729.084843","","0.000000","","","","","","-10.800000","","","","","","-9.657553","-10.800000","","","","","","","","D1 PROFILE","","","","",""
"62501900000296","Nodes","296","21.000000","46.477372","DDS demands","Known Flow","257647.244264","619751.054849","","0.000000","","","","","","-3.430000","","","","","","-3.067167","-3.430000","","","","","","","","D1 PROFILE","","","","",""
"62501900000299","Nodes","299","21.000000","44.401825","DDS demands","Known Flow","257741.508290","619807.686865","","0.000000","","","","","","-2.599999","","","","","","-2.324966","-2.599999","","","","","","","","D1 PROFILE","","","","",""
"62501900000298","Nodes","298","21.000000","44.427107","DDS demands","Known Flow","257694.273277","619789.447860","","0.000000","","","","","","-14.550000","","","","","","-13.010870","-14.550000","","","","","","","","D1 PROFILE","","","","",""
"62501900000307","Nodes","307","21.000000","39.761031","DDS demands","Known Flow","257823.696312","619842.954874","","0.000000","","","","","","-4.320000","","","","","","-3.863021","-4.320000","","","","","","","","D1 PROFILE","","","","",""
"62501900000306","Nodes","306","21.000000","39.801573","DDS demands","Known Flow","257763.890296","619818.522868","","0.000000","","","","","","-17.709998","","","","","","-15.836598","-17.709998","","","","","","","","D1 PROFILE","","","","",""
"62501900000309","Nodes","309","21.000000","39.041018","DDS demands","Known Flow","257819.845311","619865.333881","","0.000000","","","","","","-3.890000","","","","","","-3.478507","-3.890000","","","","","","","","D1 PROFILE","","","","",""
"62501900000308","Nodes","308","21.000000","39.071026","DDS demands","Known Flow","257779.966300","619899.341890","","0.000000","","","","","","-3.359999","","","","","","-3.004572","-3.359999","","","","","","","","D1 PROFILE","","","","",""
"62501900000302","Nodes","302","21.000000","44.498495","DDS demands","Known Flow","257715.619283","619840.684874","","0.000000","","","","","","-7.139999","","","","","","-6.384715","-7.139999","","","","","","","","D1 PROFILE","","","","",""
"62501900000301","Nodes","301","21.000000","44.737620","DDS demands","Known Flow","257669.145270","619878.679884","","0.000000","","","","","","-5.650000","","","","","","-5.052331","-5.650000","","","","","","","","D1 PROFILE","","","","",""
"62501900000315","Nodes","315","21.000000","30.915735","DDS demands","Known Flow","257800.864306","619941.090901","","0.000000","","","","","","-5.550000","","","","","","-4.962909","-5.550000","","","","","","","","D1 PROFILE","","","","",""
"62501900000694","Nodes","-170429","21.000000","29.935327","Default Known Flow Node","Known Flow","257722.437284","619942.442902","","0.000000","","","","","","","","","","","","0.000000","0.000000","","","","","","","","","","","","",""
"62501900000312","Nodes","312","21.000000","28.227322","DDS demands","Known Flow","257927.182340","619863.277880","","0.000000","","","","","","-29.150000","","","","","","-26.066452","-29.150000","","","","","","","","D1 PROFILE","","","","",""
"62501900000311","Nodes","P08117624, Kingsway CSEP, -31.11SCMH","24.000000","30.460659","CSEP DDS Matched","Known Flow","257924.114339","619899.341890","","0.000000","","","","","","","-31.110001","","","","","-27.819118","-31.110001","","","","","","","","","DC PROFILE","","","",""
"62501900000685","Nodes","-170418","21.000000","45.815949","Default Known Flow Node","Known Flow","257561.678241","619764.534853","","0.000000","","","","","","","","","","","","0.000000","0.000000","","","","","","","","","","","","",""
"62501900000693","Nodes","-170428","21.000000","44.556699","Default Known Flow Node","Known Flow","257705.330280","619751.587850","","0.000000","","","","","","","","","","","","0.000000","0.000000","","","","","","","","","","","","",""
"62501900000696","Nodes","-170431","21.000000","39.801573","Default Known Flow Node","Known Flow","257752.478293","619804.148864","","0.000000","","","","","","","","","","","","0.000000","0.000000","","","","","","","","","","","","",""
"62501900000704","Nodes","-170439","21.000000","44.096519","Default Known Flow Node","Known Flow","257818.209310","619723.449842","","0.000000","","","","","","","","","","","","0.000000","0.000000","","","","","","","","","","","","",""
"62501900000698","Nodes","-170433","21.000000","44.096519","Default Known Flow Node","Known Flow","257776.680299","619705.083837","","0.000000","","","","","","","","","","","","0.000000","0.000000","","","","","","","","","","","","",""
"62501900000290","Nodes","290","21.000000","46.130892","DDS demands","Known Flow","257612.843255","619661.075825","","0.000000","","","","","","-19.080000","","","","","","-17.061678","-19.080000","","","","","","","","D1 PROFILE","","","","",""
"62501900000689","Nodes","-170423","21.000000","45.935538","Default Known Flow Node","Known Flow","257640.855262","619600.404808","","0.000000","","","","","","","","","","","","0.000000","0.000000","","","","","","","","","","","","",""
"62501900000289","Nodes","289","21.000000","47.617764","DDS demands","Known Flow","257627.529757","619674.049714","","0.000000","","","","","","-2.539999","","","","","","-2.271313","-2.539999","","","","","","","","D1 PROFILE","","","","",""
"62501900000293","Nodes","293","21.000000","46.642405","DDS demands","Known Flow","257600.968251","619720.543841","","0.000000","","","","","","-6.370000","","","","","","-5.696168","-6.370000","","","","","","","","D1 PROFILE","","","","",""
"62501900000282","Nodes","282","21.000000","48.258393","DDS demands","Known Flow","257687.181275","619677.801830","","0.000000","","","","","","-16.610000","","","","","","-14.852959","-16.610000","","","","","","","","D1 PROFILE","","","","",""
"62501900000283","Nodes","283","21.000000","46.940967","DDS demands","Known Flow","257717.575283","619691.900833","","0.000000","","","","","","-9.149999","","","","","","-8.182093","-9.149999","","","","","","","","D1 PROFILE","","","","",""
"62501900000280","Nodes","280","21.000000","49.114393","DDS demands","Known Flow","257707.490280","619630.858817","","0.000000","","","","","","-7.880000","","","","","","-7.046437","-7.880000","","","","","","","","D1 PROFILE","","","","",""
"62501900000281","Nodes","281","21.000000","49.071727","DDS demands","Known Flow","257754.563293","619652.541823","","0.000000","","","","","","-6.459999","","","","","","-5.776647","-6.459999","","","","","","","","D1 PROFILE","","","","",""
"62501900000692","Nodes","","21.000000","48.895812","DDS demands","Known Flow","257701.216279","619645.927821","","0.000000","","","","","","-1.019999","","","","","","-0.912102","-1.019999","","","","","","","","D1 PROFILE","","","","",""
"62501900000279","Nodes","P08117635, Kingsway CSEP, FY1 -27.50&(CT 16 -33.88SCMH)","22.999998","27.517026","CSEP DDS Matched","Known Flow","257989.064563","619719.943372","","0.000000","","","","","-6.370000","-3.020000","-27.510000","","","","","-32.996640","-36.899999","","","","","","","CT PROFILE","D1 PROFILE","DC PROFILE","","","",""
"62501900000285","Nodes","285","21.000000","45.241161","DDS demands","Known Flow","257773.076298","619715.879840","","0.000000","","","","","","-15.010000","","","","","","-13.422211","-15.010000","","","","","","","","D1 PROFILE","","","","",""
"62501900000287","Nodes","287","21.000000","45.100469","DDS demands","Known Flow","257796.533305","619727.972843","","0.000000","","-6.159999","","","","-3.039999","","","","","","-8.226804","-9.199999","","","","C2 PROFILE","","","","D1 PROFILE","","","","",""
"62501900000284","Nodes","284","21.000000","46.670170","DDS demands","Known Flow","257659.695267","619694.423834","","0.000000","","","","","","-6.959999","","","","","","-6.223756","-6.959999","","","","","","","","D1 PROFILE","","","","",""
"62501900000294","Nodes","294","21.000000","46.262157","DDS demands","Known Flow","257578.651245","619678.018830","","0.000000","","","","","","-10.479999","","","","","","-9.371402","-10.479999","","","","","","","","D1 PROFILE","","","","",""
"62501900000300","Nodes","300","21.000000","44.787679","DDS demands","Known Flow","257661.979268","619877.692884","","0.000000","","","","","","-2.869999","","","","","","-2.566405","-2.869999","","","","","","","","D1 PROFILE","","","","",""
"62501900000702","Nodes","-170437","21.000000","44.641682","Default Known Flow Node","Known Flow","257806.870307","619777.231857","","0.000000","","","","","","","","","","","","0.000000","0.000000","","","","","","","","","","","","",""
"62501900000305","Nodes","305","21.000000","41.284348","DDS demands","Known Flow","257732.277287","619889.512887","","0.000000","","","","","","-10.039999","","","","","","-8.977947","-10.039999","","","","","","","","D1 PROFILE","","","","",""
"62501900000310","Nodes","310","21.000000","36.405222","DDS demands","Known Flow","257801.981306","619903.541891","","0.000000","","","","","","-4.070000","","","","","","-3.639466","-4.070000","","","","","","","","D1 PROFILE","","","","",""
"62501900000303","Nodes","303","21.000000","44.699853","Default Known Flow Node","Known Flow","257675.011271","619879.758884","","0.000000","","","","","","","","","","","","0.000000","0.000000","","","","","","","","","","","","",""
"62501900000322","Nodes","322","21.000000","41.831454","DDS demands","Known Flow","257524.198230","619914.824894","","0.000000","","","","","","-31.009999","","","","","","-27.729695","-31.009999","","","","","","","","D1 PROFILE","","","","",""
"62501900000319","Nodes","319","21.000000","28.321202","DDS demands","Known Flow","257793.336304","619993.195915","","0.000000","","","","","","-2.599999","","","","","","-2.324966","-2.599999","","","","","","","","D1 PROFILE","","","","",""
"62501900000317","Nodes","317","21.000000","29.338421","DDS demands","Known Flow","257803.152306","619962.073907","","0.000000","","","","","","-9.270000","","","","","","-8.289400","-9.270000","","","","","","","","D1 PROFILE","","","","",""
"62501900000318","Nodes","318","21.000000","28.735527","DDS demands","Known Flow","257925.210340","619962.449907","","0.000000","","","","","","-11.709999","","","","","","-10.471291","-11.709999","","","","","","","","D1 PROFILE","","","","",""
"62501900000313","Nodes","313","21.000000","27.789301","DDS demands","Known Flow","257850.722319","619900.034890","","0.000000","","","","","","-4.070000","","","","","","-3.639466","-4.070000","","","","","","","","D1 PROFILE","","","","",""
"62501900000683","Nodes","-170416","21.000000","45.230369","Default Known Flow Node","Known Flow","257542.994236","619611.916812","","0.000000","","","","","","","","","","","","0.000000","0.000000","","","","","","","","","","","","",""
"62501900000686","Nodes","-170420","21.000000","45.868511","Default Known Flow Node","Known Flow","257630.908100","619595.972796","","0.000000","","","","","","","","","","","","0.000000","0.000000","","","","","","","","","","","","",""
"62501900000291","Nodes","291","21.000000","45.604942","DDS demands","Known Flow","257610.472254","619576.718802","","0.000000","","","","","","-11.019999","","","","","","-9.854281","-11.019999","","","","","","","","D1 PROFILE","","","","",""
"62501900000688","Nodes","","21.000000","45.868511","Default Known Flow Node","Known Flow","257638.981262","619578.671803","","0.000000","","","","","","","","","","","","0.000000","0.000000","","","","","","","","","","","","",""
"62501900000687","Nodes","-170421","21.000000","38.671537","Default Known Flow Node","Known Flow","257634.224260","619948.576903","","0.000000","","","","","","","","","","","","0.000000","0.000000","","","","","","","","","","","","",""
"62501900000690","Nodes","-170424","21.000000","38.671537","Default Known Flow Node","Known Flow","257641.979262","619948.312903","","0.000000","","","","","","","","","","","","0.000000","0.000000","","","","","","","","","","","","",""
"62501900000691","Nodes","-170426","21.000000","45.935538","Default Known Flow Node","Known Flow","257671.111270","619614.283812","","0.000000","","","","","","","","","","","","0.000000","0.000000","","","","","","","","","","","","",""
"62501900000818","Nodes","-301113","21.000000","48.852858","Default Known Flow Node","Known Flow","257665.237269","619626.572816","","0.000000","","","","","","","","","","","","0.000000","0.000000","","","","","","","","","","","","",""
"62501900000316","Nodes","316","21.000000","29.667141","DDS demands","Known Flow","257722.251284","619923.690896","","0.000000","","","","","","-16.090000","","","","","","-14.387966","-16.090000","","","","","","","","D1 PROFILE","","","","",""
"62501900000695","Nodes","-170430","21.000000","29.935327","Default Known Flow Node","Known Flow","257722.746284","619955.661905","","0.000000","","","","","","","","","","","","0.000000","0.000000","","","","","","","","","","","","",""
"62501900000700","Nodes","-170435","21.000000","38.994193","Default Known Flow Node","Known Flow","257796.853007","619658.909626","","0.000000","","","","","","","","","","","","0.000000","0.000000","","","","","","","","","","","","",""
"62501900000706","Nodes","-170441","21.000000","38.906778","Default Known Flow Node","Known Flow","257841.117317","619679.452830","","0.000000","","","","","","","","","","","","0.000000","0.000000","","","","","","","","","","","","",""
"62501900000701","Nodes","-170436","21.000000","38.477962","Default Known Flow Node","Known Flow","257798.832748","619654.410549","","0.000000","","","","","","","","","","","","0.000000","0.000000","","","","","","","","","","","","",""
"62501900000697","Nodes","-170432","21.000000","38.434216","Default Known Flow Node","Known Flow","257769.339297","619640.632819","","0.000000","","","","","","","","","","","","0.000000","0.000000","","","","","","","","","","","","",""
"62501900000705","Nodes","-170440","21.000000","44.728106","Default Known Flow Node","Known Flow","257826.949313","619786.446859","","0.000000","","","","","","","","","","","","0.000000","0.000000","","","","","","","","","","","","",""
"62501900000703","Nodes","-170438","21.000000","36.380162","Default Known Flow Node","Known Flow","257806.976632","619636.198907","","0.000000","","","","","","","","","","","","0.000000","0.000000","","","","","","","","","","","","",""
"62501900000699","Nodes","-170434","21.000000","36.380162","Default Known Flow Node","Known Flow","257792.542303","619628.936816","","0.000000","","","","","","","","","","","","0.000000","0.000000","","","","","","","","","","","","",""
"62501900000323","Nodes","323","21.000000","41.342946","DDS demands","Known Flow","257532.730408","619975.214600","","0.000000","","","","","","-15.810000","","","","","","-14.137584","-15.810000","","","","","","","","D1 PROFILE","","","","",""
"62501900000797","Nodes","","21.000000","40.991827","DDS demands","Known Flow","257488.586221","619985.195913","","0.000000","","","","","","-1.120000","","","","","","-1.001524","-1.120000","","","","","","","","D1 PROFILE","","","","",""
"62501900000813","Nodes","-291109","21.000000","34.722396","Default Known Flow Node","Known Flow","256424.845322","620044.446464","","0.000000","","","","","","","","","","","","0.000000","0.000000","","","","","","","","","","","","",""
"62501900000271","Nodes","271","21.000000","39.256903","DDS demands","Known Flow","256351.960911","620288.195996","","0.000000","-6.000000","","","-4.320000","","-25.220000","","","","","","-31.780505","-35.540001","","","C1 PROFILE","","","C4 PROFILE","","D1 PROFILE","","","","",""
"62501900000272","Nodes","272","21.000000","39.083236","Default Known Flow Node","Known Flow","256343.460909","620240.820983","","0.000000","","","","","","","","","","","","0.000000","0.000000","","","","","","","","","","","","",""
"62501900000784","Nodes","","21.000000","39.267642","DDS demands","Known Flow","256360.180529","620277.298076","","0.000000","","-8.800000","","","","","","","","","","-7.869117","-8.800000","","","","C2 PROFILE","","","","","","","","",""
"62501900000783","Nodes","-177272","21.000000","39.093978","Default Known Flow Node","Known Flow","256357.585913","620241.445983","","0.000000","","","","","","","","","","","","0.000000","0.000000","","","","","","","","","","","","",""
"62501900000374","Nodes","374","21.000000","34.715718","DDS demands","Known Flow","256425.335931","620075.070938","","0.000000","","-12.420000","","","","","","","","","","-11.106186","-12.420000","","","","C2 PROFILE","","","","","","","","",""
"62501900000814","Nodes","-291110","21.000000","34.722396","Default Known Flow Node","Known Flow","256427.710932","620044.820929","","0.000000","","","","","","","","","","","","0.000000","0.000000","","","","","","","","","","","","",""
"62501900000036","Nodes","36","21.000000","38.941644","DDS demands","Known Flow","256696.961005","620079.070939","","0.000000","","-33.439997","","","","","","","","","","-29.902645","-33.439997","","","","C2 PROFILE","","","","","","","","",""
"62501900000653","Nodes","-169435","21.000000","37.172935","Default Known Flow Node","Known Flow","256566.460970","620002.820918","","0.000000","","","","","","","","","","","","0.000000","0.000000","","","","","","","","","","","","",""
"62501900000235","Nodes","235","21.000000","37.129419","DDS demands","Known Flow","256593.460977","620040.820928","","0.000000","","","","","","-19.000000","","","","","","-16.990140","-19.000000","","","","","","","","D1 PROFILE","","","","",""
"62501900000659","Nodes","-169445","21.000000","34.023370","Default Known Flow Node","Known Flow","256814.475037","620195.073970","","0.000000","","","","","","","","","","","","0.000000","0.000000","","","","","","","","","","","","",""
"62501900000081","Nodes","81","21.000000","34.023370","DDS demands","Known Flow","256815.465038","620190.196969","","0.000000","","","","","","-11.019999","","","","","","-9.854281","-11.019999","","","","","","","","D1 PROFILE","","","","",""
"62501900000759","Nodes","","21.000000","33.190933","DDS demands","Known Flow","256862.586050","620030.570926","","0.000000","-11.369999","","","","","-2.799999","","","-10.470000","","","-22.033528","-24.639999","","","C1 PROFILE","","","","","D1 PROFILE","","","I2 PROFILE","",""
"62501900000757","Nodes","","21.000000","33.188637","DDS demands","Known Flow","256850.836047","620051.820931","","0.000000","","","","","","-1.019999","","","","","","-0.912102","-1.019999","","","","","","","","D1 PROFILE","","","","",""
"62501900000186","Nodes","186","21.000000","37.460200","DDS demands","Known Flow","256596.710978","620061.570934","","0.000000","","","","","","-11.350000","","","","","","-10.149373","-11.350000","","","","","","","","D1 PROFILE","","","","",""
"62501900000185","Nodes","185","21.000000","38.686902","DDS demands","Known Flow","256608.835981","620229.570980","","0.000000","","","","","","-17.320000","","","","","","-15.487854","-17.320000","","","","","","","","D1 PROFILE","","","","",""
"62501900000187","Nodes","187","21.000000","37.889822","DDS demands","Known Flow","256512.210955","620163.945962","","0.000000","","","","","","-10.920000","","","","","","-9.764859","-10.920000","","","","","","","","D1 PROFILE","","","","",""
"62501900000028","Nodes","28","21.000000","39.278873","DDS demands","Known Flow","256611.460982","620258.570988","","0.000000","-5.949999","","","","","-6.900000","","","","","","-11.490700","-12.850000","","","C1 PROFILE","","","","","D1 PROFILE","","","","",""
"62501900000788","Nodes","","21.000000","39.285600","DDS demands","Known Flow","256573.335972","620258.820988","","0.000000","","","","","","-1.469999","","","","","","-1.314500","-1.469999","","","","","","","","D1 PROFILE","","","","",""
"62501900000324","Nodes","324","21.000000","37.130837","Default Known Flow Node","Known Flow","256732.836015","620372.447019","","0.000000","","","","","","","","","","","","0.000000","0.000000","","","","","","","","","","","","",""
"62501900000390","Nodes","390","21.000000","36.266552","Default Known Flow Node","Known Flow","256744.584018","620400.940026","","0.000000","","","","","","","","","","","","0.000000","0.000000","","","","","","","","","","","","",""
"62501900000385","Nodes","385","21.000000","36.151701","DDS demands","Known Flow","256749.691511","620415.527437","","0.000000","","","","","","-10.989999","","","","","","-9.827454","-10.989999","","","","","","","","D1 PROFILE","","","","",""
"62501900000656","Nodes","-169442","21.000000","36.222933","Default Known Flow Node","Known Flow","256757.771022","620447.751039","","0.000000","","","","","","","","","","","","0.000000","0.000000","","","","","","","","","","","","",""
"62501900000655","Nodes","-169441","21.000000","36.151701","Default Known Flow Node","Known Flow","256749.409020","620417.862031","","0.000000","","","","","","","","","","","","0.000000","0.000000","","","","","","","","","","","","",""
"62501900000031","Nodes","31","21.000000","33.163583","DDS demands","Known Flow","256900.830862","620397.333491","","0.000000","","","","","","-11.910000","","","","","","-10.650135","-11.910000","","","","","","","","D1 PROFILE","","","","",""
"62501900000660","Nodes","-169446","21.000000","34.088269","Default Known Flow Node","Known Flow","256826.711041","620144.695957","","0.000000","","","","","","","","","","","","0.000000","0.000000","","","","","","","","","","","","",""
"62501900000035","Nodes","35","21.000000","34.098759","DDS demands","Known Flow","256843.821045","620134.324954","","0.000000","-10.399999","","","-14.210000","","-7.510000","","","","","","-28.722278","-32.119998","","","C1 PROFILE","","","C4 PROFILE","","D1 PROFILE","","","","",""
"62501900000157","Nodes","157","21.000000","33.949348","DDS demands","Known Flow","256853.054048","620137.738955","","0.000000","-1.960000","-6.000000","","","","-5.680000","","","","","","-12.197132","-13.640000","","","C1 PROFILE","C2 PROFILE","","","","D1 PROFILE","","","","",""
"62501900000044","Nodes","44","21.000000","33.590426","DDS demands","Known Flow","256893.836059","620067.570936","","0.000000","-8.460000","","","-11.069999","","-14.529999","","","","","","-30.457060","-34.059999","","","C1 PROFILE","","","C4 PROFILE","","D1 PROFILE","","","","",""
"62501900000158","Nodes","158","21.000000","34.013088","DDS demands","Known Flow","256832.461042","620185.321968","","0.000000","","","-6.370000","","","","","","","","","-5.696168","-6.370000","","","","","C3 PROFILE","","","","","","","",""
"62501900000191","Nodes","191","21.000000","36.931493","DDS demands","Known Flow","256755.711021","620100.945945","","0.000000","-4.559999","","","-8.100000","","-3.339999","","","","","","-14.307486","-16.000000","","","C1 PROFILE","","","C4 PROFILE","","D1 PROFILE","","","","",""
"62501900000657","Nodes","","21.000000","36.834658","DDS demands","Known Flow","256766.836024","620176.445965","","0.000000","","","","-5.160000","","-0.199999","","","","","","-4.793007","-5.359999","","","","","","C4 PROFILE","","D1 PROFILE","","","","",""
"62501900000263","Nodes","263","21.000000","41.042206","DDS demands","Known Flow","256700.211006","620115.070949","","0.000000","-10.410000","","","","","","","","","","","-9.308808","-10.410000","","","C1 PROFILE","","","","","","","","","",""
"62501900000658","Nodes","","21.000000","33.856903","DDS demands","Known Flow","256810.086036","620144.445957","","0.000000","-13.380000","","","","","","","","","","","-11.964636","-13.380000","","","C1 PROFILE","","","","","","","","","",""
"62501900000758","Nodes","","21.000000","33.188637","Default Known Flow Node","Known Flow","256856.836049","620045.570930","","0.000000","","","","","","","","","","","","0.000000","0.000000","","","","","","","","","","","","",""
"62501900000786","Nodes","","21.000000","39.274488","DDS demands","Known Flow","256561.085968","620258.570988","","0.000000","","","","","","-3.780000","","","","","","-3.380143","-3.780000","","","","","","","","D1 PROFILE","","","","",""
"62501900000785","Nodes","-177274","21.000000","39.274488","Default Known Flow Node","Known Flow","256561.085968","620250.695985","","0.000000","","","","","","","","","","","","0.000000","0.000000","","","","","","","","","","","","",""
"62501900000787","Nodes","","21.000000","39.426042","DDS demands","Known Flow","256568.960971","620288.320996","","0.000000","","","","","","-3.869999","","","","","","-3.460623","-3.869999","","","","","","","","D1 PROFILE","","","","",""
"62501900000027","Nodes","27","21.000000","24.652159","DDS demands","Known Flow","256560.460968","620488.571050","","0.000000","","","","","","-15.989999","","","","","","-14.298544","-15.989999","","","","","","","","D1 PROFILE","","","","",""
"62501900000325","Nodes","325","21.000000","39.140688","DDS demands","Known Flow","257288.711166","620104.945946","","0.000000","","","","","","-9.319999","","","","","","-8.334110","-9.319999","","","","","","","","D1 PROFILE","","","","",""
"62501900000188","Nodes","188","21.000000","27.973573","DDS demands","Known Flow","257100.086115","620342.821010","","0.000000","-12.220000","","","","","-10.459999","","","","","","-20.280862","-22.680001","","","C1 PROFILE","","","","","D1 PROFILE","","","","",""
"62501900000239","Nodes","","0.000000","28.830746","DDS demands","Known Flow","257089.741054","620280.934154","","0.000000","","","","","","-7.139999","","","","","","-6.384715","-7.139999","","","","","","","","D1 PROFILE","","","","",""
"62501900000327","Nodes","327","21.000000","39.123814","DDS demands","Known Flow","257293.711168","620110.945947","","0.000000","","","","","","-6.159999","","","","","","-5.508382","-6.159999","","","","","","","","D1 PROFILE","","","","",""
"62501900000176","Nodes","176","21.000000","29.345284","DDS demands","Known Flow","257183.711138","620289.195996","","0.000000","-0.880000","","","","","-6.110000","","","","","","-6.250583","-6.990000","","","C1 PROFILE","","","","","D1 PROFILE","","","","",""
"62501900000326","Nodes","326","21.000000","28.977136","DDS demands","Known Flow","257203.836143","620103.945945","","0.000000","-3.380000","-2.269999","","-3.059999","","-18.750000","","","","","","-24.555224","-27.460000","","","C1 PROFILE","C2 PROFILE","","C4 PROFILE","","D1 PROFILE","","","","",""
"62501900000709","Nodes","-170456","21.000000","29.266289","Default Known Flow Node","Known Flow","257208.586145","620365.946017","","0.000000","","","","","","","","","","","","0.000000","0.000000","","","","","","","","","","","","",""
"62501900000257","Nodes","257","21.000000","29.266289","Default Known Flow Node","Known Flow","257215.086146","620345.946011","","0.000000","","","","","","","","","","","","0.000000","0.000000","","","","","","","","","","","","",""
"62501900000763","Nodes","","21.000000","28.128928","Default Known Flow Node","Known Flow","257430.210743","620301.678599","","0.000000","","","","","","","","","","","","0.000000","0.000000","","","","","","","","","","","","",""
"62501900000349","Nodes","349","21.000000","39.613624","DDS demands","Known Flow","257463.586214","620200.945972","","0.000000","","","","","","-8.010000","","","","","","-7.162685","-8.010000","","","","","","","","D1 PROFILE","","","","",""
"62501900000708","Nodes","-170453","21.000000","25.330743","Default Known Flow Node","Known Flow","257111.216118","620397.820025","","0.000000","","","","","","","","","","","","0.000000","0.000000","","","","","","","","","","","","",""
"62501900000376","Nodes","376","21.000000","28.849443","DDS demands","Known Flow","257110.461118","620286.570995","","0.000000","","","","","","-15.640000","","","","","","-13.985568","-15.640000","","","","","","","","D1 PROFILE","","","","",""
"62501900000375","Nodes","375","21.000000","28.849443","Default Known Flow Node","Known Flow","257137.460125","620284.695995","","0.000000","","","","","","","","","","","","0.000000","0.000000","","","","","","","","","","","","",""
"62501900000329","Nodes","329","21.000000","33.337906","DDS demands","Known Flow","257349.836183","620215.195976","","0.000000","","","","","","-31.230000","","","","","","-27.926426","-31.230000","","","","","","","","D1 PROFILE","","","","",""
"62501900000331","Nodes","331","21.000000","33.053317","DDS demands","Known Flow","257446.961209","620170.445964","","0.000000","","","","","","-6.289999","","","","","","-5.624630","-6.289999","","","","","","","","D1 PROFILE","","","","",""
"62501900000712","Nodes","-170459","21.000000","36.661163","Default Known Flow Node","Known Flow","257385.586193","620158.820960","","0.000000","","","","","","","","","","","","0.000000","0.000000","","","","","","","","","","","","",""
"62501900000328","Nodes","328","21.000000","38.382640","DDS demands","Known Flow","257381.086191","620122.695951","","0.000000","","","","","","-20.560000","","","","","","-18.385120","-20.560000","","","","","","","","D1 PROFILE","","","","",""
"62501900000332","Nodes","332","21.000000","38.642095","DDS demands","Known Flow","257409.836199","620111.070947","","0.000000","","","","","","-16.920000","","","","","","-15.130167","-16.920000","","","","","","","","D1 PROFILE","","","","",""
"62501900000060","Nodes","60","21.000000","27.547991","DDS demands","Known Flow","257439.711207","620373.821019","","0.000000","","","","","","-17.190000","","","","","","-15.371606","-17.190000","","","","","","","","D1 PROFILE","","","","",""
"62501900000058","Nodes","58","21.000000","27.352144","DDS demands","Known Flow","257407.711199","620427.946034","","0.000000","","","","","","-27.370001","","","","","","-24.474746","-27.370001","","","","","","","","D1 PROFILE","","","","",""
"62501900000057","Nodes","57","21.000000","27.403890","DDS demands","Known Flow","257453.956211","620454.088041","","0.000000","","","","","","-19.359999","","","","","","-17.312058","-19.359999","","","","","","","","D1 PROFILE","","","","",""
"62501900000710","Nodes","-170457","21.000000","27.896241","Default Known Flow Node","Known Flow","257312.961173","620368.821018","","0.000000","","","","","","","","","","","","0.000000","0.000000","","","","","","","","","","","","",""
"62501900000056","Nodes","56","21.000000","29.045540","DDS demands","Known Flow","257289.328348","620300.342864","","0.000000","","","","","","-5.559999","","","","","","-4.971851","-5.559999","","","","","","","","D1 PROFILE","","","","",""
"62501900000380","Nodes","380","21.000000","28.879186","DDS demands","Known Flow","257224.211149","620095.570943","","0.000000","-30.469999","","","","","","","","","","","-27.246819","-30.469999","","","C1 PROFILE","","","","","","","","","",""
"62501900000052","Nodes","52","21.000000","24.840551","DDS demands","Known Flow","257085.583138","620402.936658","","0.000000","","","","","","-11.470000","","","","","","-10.256680","-11.470000","","","","","","","","D1 PROFILE","","","","",""
"62501900000462","Nodes","462","21.000000","29.142270","DDS demands","Known Flow","257191.961140","620251.445986","","0.000000","","","","","","-15.810000","","","","","","-14.137584","-15.810000","","","","","","","","D1 PROFILE","","","","",""
"62501900000711","Nodes","-170458","21.000000","38.312161","Default Known Flow Node","Known Flow","257378.961191","620124.820951","","0.000000","","","","","","","","","","","","0.000000","0.000000","","","","","","","","","","","","",""
"62501900000713","Nodes","-170460","21.000000","36.661163","Default Known Flow Node","Known Flow","257406.461198","620150.820958","","0.000000","","","","","","","","","","","","0.000000","0.000000","","","","","","","","","","","","",""
"62501900000321","Nodes","321","21.000000","28.296725","DDS demands","Known Flow","257794.086304","620040.570928","","0.000000","","","","","","-8.800000","","","","","","-7.869117","-8.800000","","","","","","","","D1 PROFILE","","","","",""
"62501900000334","Nodes","334","21.000000","41.078001","DDS demands","Known Flow","257536.586234","620002.695918","","0.000000","","","","","","-10.450000","","","","","","-9.344577","-10.450000","","","","","","","","D1 PROFILE","","","","",""
"62501900000333","Nodes","333","21.000000","40.599146","DDS demands","Known Flow","257514.836228","620051.570931","","0.000000","","","","","","-7.900000","","","","","","-7.064321","-7.900000","","","","","","","","D1 PROFILE","","","","",""
"62501900000395","Nodes","395","21.000000","26.283765","DDS demands","Known Flow","257735.461288","620382.196021","","0.000000","","-24.999999","","","","","","","","","","-22.355447","-24.999999","","","","C2 PROFILE","","","","","","","","",""
"62501900000771","Nodes","-175044","21.000000","26.283765","Default Known Flow Node","Known Flow","257739.336289","620387.571023","","0.000000","","","","","","","","","","","","0.000000","0.000000","","","","","","","","","","","","",""
"62501900000345","Nodes","345","21.000000","33.941560","DDS demands","Known Flow","257626.461258","620139.320955","","0.000000","","","","","","-9.140000","","","","","","-8.173152","-9.140000","","","","","","","","D1 PROFILE","","","","",""
"62501900000346","Nodes","346","21.000000","33.247931","DDS demands","Known Flow","257545.586236","620171.320964","","0.000000","","","","","","-11.510000","","","","","","-10.292448","-11.510000","","","","","","","","D1 PROFILE","","","","",""
"62501900000348","Nodes","348","21.000000","32.175657","DDS demands","Known Flow","257716.586283","620154.195959","","0.000000","","","","","","-7.190000","","","","","","-6.429426","-7.190000","","","","","","","","D1 PROFILE","","","","",""
"62501900000347","Nodes","347","21.000000","32.332179","DDS demands","Known Flow","257666.961269","620163.070962","","0.000000","","","","","","-28.309999","","","","","","-25.315308","-28.309999","","","","","","","","D1 PROFILE","","","","",""
"62501900000765","Nodes","","21.000000","25.693890","DDS demands","Known Flow","257610.336254","620303.946000","","0.000000","","","","","","-5.219999","","","","","","-4.667817","-5.219999","","","","","","","","D1 PROFILE","","","","",""
"62501900000886","Nodes","","21.000000","27.007956","DDS demands","Known Flow","257580.057246","620302.476000","","0.000000","","","","","","-4.760000","","","","","","-4.256477","-4.760000","","","","","","","","D1 PROFILE","","","","",""
"62501900000769","Nodes","-175042","21.000000","32.629050","Default Known Flow Node","Known Flow","257679.211273","620211.820975","","0.000000","","","","","","","","","","","","0.000000","0.000000","","","","","","","","","","","","",""
"62501900000767","Nodes","-175040","21.000000","32.629050","Default Known Flow Node","Known Flow","257659.586267","620209.445974","","0.000000","","","","","","","","","","","","0.000000","0.000000","","","","","","","","","","","","",""
"62501900000770","Nodes","-175043","21.000000","32.557066","Default Known Flow Node","Known Flow","257693.711277","620184.445967","","0.000000","","","","","","","","","","","","0.000000","0.000000","","","","","","","","","","","","",""
"62501900000768","Nodes","","21.000000","32.557066","Default Known Flow Node","Known Flow","257670.336270","620182.570967","","0.000000","","","","","","","","","","","","0.000000","0.000000","","","","","","","","","","","","",""
"62501900000335","Nodes","335","21.000000","40.006358","DDS demands","Known Flow","257579.566632","620015.923530","","0.000000","","","","","","-3.940000","","","","","","-3.523218","-3.940000","","","","","","","","D1 PROFILE","","","","",""
"62501900000764","Nodes","","21.000000","26.762165","DDS demands","Known Flow","257555.586239","620301.070999","","0.000000","","","","","","-2.190000","","","","","","-1.958337","-2.190000","","","","","","","","D1 PROFILE","","","","",""
"62501900000340","Nodes","340","21.000000","37.952435","DDS demands","Known Flow","257673.961271","620071.077937","","0.000000","","","","","","-8.579999","","","","","","-7.672389","-8.579999","","","","","","","","D1 PROFILE","","","","",""
"62501900000342","Nodes","342","21.000000","37.755142","DDS demands","Known Flow","257737.461288","620080.320939","","0.000000","","","","","","-14.170000","","","","","","-12.671067","-14.170000","","","","","","","","D1 PROFILE","","","","",""
"62501900000341","Nodes","341","21.000000","37.788693","DDS demands","Known Flow","257709.586281","620054.320932","","0.000000","","","","","","-7.440000","","","","","","-6.652981","-7.440000","","","","","","","","D1 PROFILE","","","","",""
"62501900000343","Nodes","343","21.000000","37.535270","DDS demands","Known Flow","257765.711296","620081.445939","","0.000000","","","","","","-1.760000","","","","","","-1.573823","-1.760000","","","","","","","","D1 PROFILE","","","","",""
"62501900000344","Nodes","344","21.000000","37.573576","DDS demands","Known Flow","257807.461308","620090.070942","","0.000000","","","","","","-1.200000","","","","","","-1.073061","-1.200000","","","","","","","","D1 PROFILE","","","","",""
"62501900000766","Nodes","","21.000000","32.954680","DDS demands","Known Flow","257622.710257","620230.820980","","0.000000","","","","","","-26.190000","","","","","","-23.419567","-26.190000","","","","","","","","D1 PROFILE","","","","",""
"62501900000782","Nodes","-175502","21.000000","28.296725","Default Known Flow Node","Known Flow","257794.336304","620044.945929","","0.000000","","","","","","","","","","","","0.000000","0.000000","","","","","","","","","","","","",""
"62501900000781","Nodes","-175501","21.000000","28.296725","Default Known Flow Node","Known Flow","257780.711300","620040.570928","","0.000000","","","","","","","","","","","","0.000000","0.000000","","","","","","","","","","","","",""
"62501900000796","Nodes","","21.000000","39.058048","DDS demands","Known Flow","256213.335874","620524.571060","","0.000000","","","","","","-2.079999","","","","","","-1.859973","-2.079999","","","","","","","","D1 PROFILE","","","","",""
"62501900000175","Nodes","175","21.000000","38.969449","DDS demands","Known Flow","256121.426849","620652.862095","","0.000000","","","","","","-6.340000","","","","","","-5.669341","-6.340000","","","","","","","","D1 PROFILE","","","","",""
"62501900000174","Nodes","174","21.000000","39.172192","DDS demands","Known Flow","256187.223867","620653.739095","","0.000000","","","","","","-3.589999","","","","","","-3.210242","-3.589999","","","","","","","","D1 PROFILE","","","","",""
"62501900000418","Nodes","HOYLE CRESCENT RRI,","21.000000","74.999996","Default Known Pressure Node","Known Pressure","256041.948827","620756.097123","","999998.967025","","","","","","","","","","","","63.543120","71.059996","","","","","","","","","","","","",""
"62501900000419","Nodes","419","21.000000","73.559928","DDS demands","Known Flow","256046.844828","620767.245126","","0.000000","","","","","","-18.249999","","","","","","-16.319476","-18.249999","","","","","","","","D1 PROFILE","","","","",""
"62501900000162","Nodes","162","21.000000","23.958029","DDS demands","Known Flow","256280.609892","620637.375091","","0.000000","","","","","","-2.460000","","","","","","-2.199776","-2.460000","","","","","","","","D1 PROFILE","","","","",""
"62501900000163","Nodes","163","21.000000","24.117441","DDS demands","Known Flow","256340.210908","620637.321091","","0.000000","","","","","","-3.420000","","","","","","-3.058225","-3.420000","","","","","","","","D1 PROFILE","","","","",""
"62501900000355","Nodes","355","21.000000","24.391680","Default Known Flow Node","Known Flow","256387.460921","620590.571078","","0.000000","","","","","","","","","","","","0.000000","0.000000","","","","","","","","","","","","",""
"62501900000356","Nodes","356","21.000000","24.406941","DDS demands","Known Flow","256390.960922","620583.071076","","0.000000","","","","","","-0.680000","","","","","","-0.608068","-0.680000","","","","","","","","D1 PROFILE","","","","",""
"62501900000022","Nodes","22","21.000000","24.339591","DDS demands","Known Flow","256413.632732","620606.082044","","0.000000","","","","","","-7.409999","","","","","","-6.626154","-7.409999","","","","","","","","D1 PROFILE","","","","",""
"62501900000161","Nodes","161","21.000000","24.442707","DDS demands","Known Flow","256377.381172","620582.730223","","0.000000","","","","","","-3.880000","","","","","","-3.469565","-3.880000","","","","","","","","D1 PROFILE","","","","",""
"62501900000019","Nodes","19","21.000000","24.135116","DDS demands","Known Flow","256355.210912","620576.821074","","0.000000","","","","","","-2.589999","","","","","","-2.316024","-2.589999","","","","","","","","D1 PROFILE","","","","",""
"62501900000159","Nodes","159","21.000000","24.009525","DDS demands","Known Flow","256296.460896","620576.696074","","0.000000","","","","","","-2.959999","","","","","","-2.646885","-2.959999","","","","","","","","D1 PROFILE","","","","",""
"62501900000020","Nodes","20","21.000000","39.142669","DDS demands","Known Flow","256238.295881","620601.361081","","0.000000","","","","","","-9.450000","","","","","","-8.450359","-9.450000","","","","","","","","D1 PROFILE","","","","",""
"62501900000173","Nodes","173","21.000000","39.142669","Default Known Flow Node","Known Flow","256267.834889","620600.194081","","0.000000","","","","","","","","","","","","0.000000","0.000000","","","","","","","","","","","","",""
"62501900000420","Nodes","420","21.000000","71.667985","DDS demands","Known Flow","256148.960856","620798.214134","","0.000000","","","","","","-17.219999","","","","","","-15.398431","-17.219999","","","","","","","","D1 PROFILE","","","","",""
"62501900000421","Nodes","421","21.000000","73.222415","DDS demands","Known Flow","256149.460856","620767.529126","","0.000000","","","","","","-7.710000","","","","","","-6.894420","-7.710000","","","","","","","","D1 PROFILE","","","","",""
"62501900000160","Nodes","160","21.000000","24.127606","DDS demands","Known Flow","256365.335915","620637.071091","","0.000000","","","","","","-4.889999","","","","","","-4.372725","-4.889999","","","","","","","","D1 PROFILE","","","","",""
"62501900000166","Nodes","166","21.000000","23.679393","DDS demands","Known Flow","256335.335907","620704.446109","","0.000000","","","","","","-4.559999","","","","","","-4.077633","-4.559999","","","","","","","","D1 PROFILE","","","","",""
"62501900000165","Nodes","165","21.000000","23.269660","DDS demands","Known Flow","256302.207898","620704.321109","","0.000000","","","","","","-14.179999","","","","","","-12.680009","-14.179999","","","","","","","","D1 PROFILE","","","","",""
"62501900000164","Nodes","164","21.000000","23.812780","DDS demands","Known Flow","256377.342918","620712.768111","","0.000000","","","","","","-4.829999","","","","","","-4.319072","-4.829999","","","","","","","","D1 PROFILE","","","","",""
"62501900000226","Nodes","226","21.000000","24.184809","Default Known Flow Node","Known Flow","256372.710917","620683.071103","","0.000000","","","","","","","","","","","","0.000000","0.000000","","","","","","","","","","","","",""
"62501900000023","Nodes","23","21.000000","24.459934","DDS demands","Known Flow","256444.724986","620624.695448","","0.000000","","","","","","-14.510000","","","","","","-12.975102","-14.510000","","","","","","","","D1 PROFILE","","","","",""
"62501900000743","Nodes","-171967","21.000000","24.136256","Default Known Flow Node","Known Flow","256357.210913","620590.446078","","0.000000","","","","","","","","","","","","0.000000","0.000000","","","","","","","","","","","","",""
"62501900000744","Nodes","-171968","21.000000","23.907227","Default Known Flow Node","Known Flow","256384.722383","620750.635843","","0.000000","","","","","","","","","","","","0.000000","0.000000","","","","","","","","","","","","",""
"62501900000021","Nodes","21","21.000000","24.095415","DDS demands","Known Flow","256327.335905","620835.571145","","0.000000","","-15.999999","","","","","","","","","","-14.307486","-15.999999","","","","C2 PROFILE","","","","","","","","",""
"62501900000359","Nodes","359","21.000000","22.720593","DDS demands","Known Flow","256394.210923","620378.071020","","0.000000","","","","","","-14.330000","","","","","","-12.814142","-14.330000","","","","","","","","D1 PROFILE","","","","",""
"62501900000405","Nodes","405","21.000000","25.355292","Default Known Flow Node","Known Flow","256861.461050","620876.571156","","0.000000","","","","","","","","","","","","0.000000","0.000000","","","","","","","","","","","","",""
"62501900000404","Nodes","404","21.000000","25.175791","Default Known Flow Node","Known Flow","256875.711054","620861.946152","","0.000000","","","","","","","","","","","","0.000000","0.000000","","","","","","","","","","","","",""
"62501900000402","Nodes","402","21.000000","25.175791","DDS demands","Known Flow","256894.836059","620827.196142","","0.000000","","","","","","-3.400000","","","","","","-3.040340","-3.400000","","","","","","","","D1 PROFILE","","","","",""
"62501900000401","Nodes","401","21.000000","24.726978","Default Known Flow Node","Known Flow","256889.086058","620774.571128","","0.000000","","","","","","","","","","","","0.000000","0.000000","","","","","","","","","","","","",""
"62501900000398","Nodes","398","21.000000","24.394672","DDS demands","Known Flow","256775.211027","620702.321108","","0.000000","","","","","","-3.700000","","","","","","-3.308606","-3.700000","","","","","","","","D1 PROFILE","","","","",""
"62501900000399","Nodes","399","21.000000","24.148244","DDS demands","Known Flow","256747.336019","620710.196110","","0.000000","","","","","","-17.150000","","","","","","-15.335837","-17.150000","","","","","","","","D1 PROFILE","","","","",""
"62501900000204","Nodes","204","21.000000","24.424127","DDS demands","Known Flow","256611.460982","620558.571069","","0.000000","","","","","","-15.180000","","","","","","-13.574228","-15.180000","","","","","","","","D1 PROFILE","","","","",""
"62501900000026","Nodes","26","21.000000","24.414782","DDS demands","Known Flow","256581.335974","620516.571058","","0.000000","","","","","","-17.040000","","","","","","-15.237473","-17.040000","","","","","","","","D1 PROFILE","","","","",""
"62501900000202","Nodes","202","21.000000","24.460241","DDS demands","Known Flow","256584.772975","620575.876074","","0.000000","","","","","","-10.649999","","","","","","-9.523420","-10.649999","","","","","","","","D1 PROFILE","","","","",""
"62501900000203","Nodes","203","21.000000","24.367805","DDS demands","Known Flow","256597.870978","620598.495080","","0.000000","","","","","","-3.140000","","","","","","-2.807844","-3.140000","","","","","","","","D1 PROFILE","","","","",""
"62501900000201","Nodes","201","21.000000","23.922484","DDS demands","Known Flow","256504.710953","620623.571087","","0.000000","","","","","","-8.270000","","","","","","-7.395182","-8.270000","","","","","","","","D1 PROFILE","","","","",""
"62501900000223","Nodes","223","21.000000","23.877432","DDS demands","Known Flow","256618.529984","620632.302089","","0.000000","","","","","","-8.550000","","","","","","-7.645563","-8.550000","","","","","","","","D1 PROFILE","","","","",""
"62501900000224","Nodes","224","21.000000","23.724179","DDS demands","Known Flow","256678.204000","620611.072083","","0.000000","","","","","","-5.099999","","","","","","-4.560511","-5.099999","","","","","","","","D1 PROFILE","","","","",""
"62501900000225","Nodes","225","21.000000","23.808337","DDS demands","Known Flow","256575.710972","620661.572097","","0.000000","","","","","","-4.389999","","","","","","-3.925616","-4.389999","","","","","","","","D1 PROFILE","","","","",""
"62501900000461","Nodes","461","21.000000","31.110154","Default Known Flow Node","Known Flow","256823.266585","619295.163893","","0.000000","","","","","","","","","","","","0.000000","0.000000","","","","","","","","","","","","",""
"62501900000115","Nodes","115","21.000000","31.201868","DDS demands","Known Flow","256836.961043","619315.445731","","0.000000","","","","","","-18.900000","","","","","","-16.900719","-18.900000","","","","","","","","D1 PROFILE","","","","",""
"62501900000930","Nodes","-816491","21.000000","31.131378","Default Known Flow Node","Known Flow","256842.461045","619328.945735","","0.000000","","","","","","","","","","","","0.000000","0.000000","","","","","","","","","","","","",""
"62501900000459","Nodes","459","21.000000","30.810197","Default Known Flow Node","Known Flow","256743.477018","619338.112737","","0.000000","","","","","","","","","","","","0.000000","0.000000","","","","","","","","","","","","",""
"62501900000928","Nodes","-816489","21.000000","31.199324","Default Known Flow Node","Known Flow","256835.211043","619316.070731","","0.000000","","","","","","","","","","","","0.000000","0.000000","","","","","","","","","","","","",""
"62501900000927","Nodes","-816487","21.000000","31.198572","Default Known Flow Node","Known Flow","256825.711040","619294.070725","","0.000000","","","","","","","","","","","","0.000000","0.000000","","","","","","","","","","","","",""
"62501900000460","Nodes","460","21.000000","31.131378","Default Known Flow Node","Known Flow","256839.836044","619329.945735","","0.000000","","","","","","","","","","","","0.000000","0.000000","","","","","","","","","","","","",""
"62501900000926","Nodes","-816486","21.000000","31.110238","Default Known Flow Node","Known Flow","256824.711040","619292.195725","","0.000000","","","","","","","","","","","","0.000000","0.000000","","","","","","","","","","","","",""
"62501900000931","Nodes","-816492","21.000000","31.130788","Default Known Flow Node","Known Flow","256842.961045","619330.695735","","0.000000","","","","","","","","","","","","0.000000","0.000000","","","","","","","","","","","","",""
"62501900000932","Nodes","-816493","21.000000","31.853154","Default Known Flow Node","Known Flow","256999.469088","619345.787739","","0.000000","","","","","","","","","","","","0.000000","0.000000","","","","","","","","","","","","",""
"62501900000491","Nodes","491, P11126079, Patrick Finn Court CSEP, -22.71SCMH","24.000000","29.975947","CSEP DDS Matched","Known Flow","257219.935985","619486.913262","","0.000000","","","","","","","-22.709999","","","","","-20.307688","-22.709999","","","","","","","","","DC PROFILE","","","",""
"62501900000482","Nodes","-1017964","21.000000","33.224855","Default Known Flow Node","Known Flow","257134.886125","619453.558769","","0.000000","","","","","","","","","","","","0.000000","0.000000","","","","","","","","","","","","",""
"62501900000485","Nodes","-1017967","21.000000","33.157345","Default Known Flow Node","Known Flow","257149.205128","619429.330762","","0.000000","","","","","","","","","","","","0.000000","0.000000","","","","","","","","","","","","",""
"62501900000487","Nodes","","21.000000","33.128629","DDS demands","Known Flow","257150.613129","619432.086763","","0.000000","","","","","","-2.099999","","","","","","-1.877857","-2.099999","","","","","","","","D1 PROFILE","","","","",""
"62501900000490","Nodes","-1017972","21.000000","32.677969","Default Known Flow Node","Known Flow","257190.295660","619469.190007","","0.000000","","","","","","","","","","","","0.000000","0.000000","","","","","","","","","","","","",""
"62501900000101","Nodes","101","21.000000","33.369088","DDS demands","Known Flow","257177.822136","619461.871771","","0.000000","","","","","","-1.019999","","","","","","-0.912102","-1.019999","","","","","","","","D1 PROFILE","","","","",""
"62501900000527","Nodes","-1022739","21.000000","32.454183","Default Known Flow Node","Known Flow","257062.472105","619439.947765","","0.000000","","","","","","","","","","","","0.000000","0.000000","","","","","","","","","","","","",""
"62501900000481","Nodes","","21.000000","32.722866","DDS demands","Known Flow","257130.954123","619465.834772","","0.000000","","","","","","-4.760000","","","","","","-4.256477","-4.760000","","","","","","","","D1 PROFILE","","","","",""
"62501900000483","Nodes","-1017965","21.000000","33.157838","Default Known Flow Node","Known Flow","257147.611128","619429.344762","","0.000000","","","","","","","","","","","","0.000000","0.000000","","","","","","","","","","","","",""
"62501900000484","Nodes","","21.000000","33.106715","DDS demands","Known Flow","257147.630128","619432.097763","","0.000000","","","","","","-3.180000","","","","","","-2.843613","-3.180000","","","","","","","","D1 PROFILE","","","","",""
"62501900000486","Nodes","-1017968","21.000000","33.343409","Default Known Flow Node","Known Flow","257150.072129","619453.556769","","0.000000","","","","","","","","","","","","0.000000","0.000000","","","","","","","","","","","","",""
"62501900000488","Nodes","","21.000000","33.334168","DDS demands","Known Flow","257150.617129","619443.924766","","0.000000","","","","","","-0.660000","","","","","","-0.590183","-0.660000","","","","","","","","D1 PROFILE","","","","",""
"62501900000526","Nodes","","21.000000","32.216461","DDS demands","Known Flow","257061.461105","619425.933761","","0.000000","","","","","","-2.920000","","","","","","-2.611116","-2.920000","","","","","","","","D1 PROFILE","","","","",""
"62501900000924","Nodes","-816481","21.000000","32.302171","Default Known Flow Node","Known Flow","256200.315870","619919.328895","","0.000000","","","","","","","","","","","","0.000000","0.000000","","","","","","","","","","","","",""
"62501900000465","Nodes","465","21.000000","32.731673","DDS demands","Known Flow","256027.293823","619917.392895","","0.000000","","","","","","-2.079999","","","","","","-1.859973","-2.079999","","","","","","","","D1 PROFILE","","","","",""
"62501900000206","Nodes","206","21.000000","33.465497","DDS demands","Known Flow","256990.722141","619962.215892","","0.000000","-1.779999","","","","","-3.180000","","","","","","-4.435321","-4.960000","","","C1 PROFILE","","","","","D1 PROFILE","","","","",""
"62501900000464","Nodes","464","21.000000","33.474402","Default Known Flow Node","Known Flow","256961.414077","619946.041903","","0.000000","","","","","","","","","","","","0.000000","0.000000","","","","","","","","","","","","",""
"62501900000934","Nodes","-912069","21.000000","33.496047","Default Known Flow Node","Known Flow","256959.592149","619949.637143","","0.000000","","","","","","","","","","","","0.000000","0.000000","","","","","","","","","","","","",""
"62501900000933","Nodes","-912068","21.000000","33.505230","Default Known Flow Node","Known Flow","256959.635077","619945.980903","","0.000000","","","","","","","","","","","","0.000000","0.000000","","","","","","","","","","","","",""
"62501900000046","Nodes","46","21.000000","33.505230","DDS demands","Known Flow","256958.080076","619948.838903","","0.000000","-16.940001","","","","","","","","","","","-15.148052","-16.940001","","","C1 PROFILE","","","","","","","","","",""
"62501900000434","Nodes","434","21.000000","33.410958","Default Known Flow Node","Known Flow","256976.961082","619915.945894","","0.000000","","","","","","","","","","","","0.000000","0.000000","","","","","","","","","","","","",""
"62501900000935","Nodes","-912070","21.000000","33.352715","Default Known Flow Node","Known Flow","256971.086080","619913.820894","","0.000000","","","","","","","","","","","","0.000000","0.000000","","","","","","","","","","","","",""
"62501900000417","Nodes","417","21.000000","33.466912","Default Known Flow Node","Known Flow","256968.212079","619949.566903","","0.000000","","","","","","","","","","","","0.000000","0.000000","","","","","","","","","","","","",""
"62501900000433","Nodes","433","21.000000","33.496047","Default Known Flow Node","Known Flow","256956.617076","619955.507905","","0.000000","","","","","","","","","","","","0.000000","0.000000","","","","","","","","","","","","",""
"62501900000936","Nodes","-912071","21.000000","33.352715","Default Known Flow Node","Known Flow","256973.586081","619915.320894","","0.000000","","","","","","","","","","","","0.000000","0.000000","","","","","","","","","","","","",""
"62501900000937","Nodes","-912073","21.000000","33.379750","Default Known Flow Node","Known Flow","256980.961083","619908.820892","","0.000000","","","","","","","","","","","","0.000000","0.000000","","","","","","","","","","","","",""
"62501900000938","Nodes","-912074","21.000000","33.379750","Default Known Flow Node","Known Flow","256990.079085","619914.567894","","0.000000","","","","","","","","","","","","0.000000","0.000000","","","","","","","","","","","","",""
"62501900000525","Nodes","","21.000000","31.455348","DDS demands","Known Flow","257143.412127","619535.964791","","0.000000","","","","","","-24.100000","","","","","","-21.550650","-24.100000","","","","","","","","D1 PROFILE","","","","",""
"62501900000524","Nodes","","21.000000","33.488475","DDS demands","Known Flow","257132.985124","619560.305798","","0.000000","","","","","","-2.160000","","","","","","-1.931510","-2.160000","","","","","","","","D1 PROFILE","","","","",""
"62501900000492","Nodes","","21.000000","27.964041","DDS demands","Known Flow","257265.303047","619510.060697","","0.000000","","","","","","-8.290000","","","","","","-7.413066","-8.290000","","","","","","","","D1 PROFILE","","","","",""
"62501900000065","Nodes","65","21.000000","33.050668","DDS demands","Known Flow","257018.830093","619819.568868","","0.000000","-2.880000","","-1.500000","-7.129999","","-20.759999","","","-3.390000","","","-31.887810","-35.659998","","","C1 PROFILE","","C3 PROFILE","C4 PROFILE","","D1 PROFILE","","","I2 PROFILE","",""
"62501900000435","Nodes","435","21.000000","33.105003","Default Known Flow Node","Known Flow","257027.682095","619826.196870","","0.000000","","","","","","","","","","","","0.000000","0.000000","","","","","","","","","","","","",""
"62501900000940","Nodes","-912076","21.000000","33.060233","Default Known Flow Node","Known Flow","257017.955093","619821.685869","","0.000000","","","","","","","","","","","","0.000000","0.000000","","","","","","","","","","","","",""
"62501900000942","Nodes","-912081","21.000000","33.087819","Default Known Flow Node","Known Flow","257064.814105","619755.813851","","0.000000","","","","","","","","","","","","0.000000","0.000000","","","","","","","","","","","","",""
"62501900000943","Nodes","-912082","21.000000","31.721619","Default Known Flow Node","Known Flow","257120.793121","619790.553860","","0.000000","","","","","","","","","","","","0.000000","0.000000","","","","","","","","","","","","",""
"62501900000107","Nodes","107","21.000000","33.140520","DDS demands","Known Flow","257070.433593","619708.902581","","0.000000","","","","","","-7.349999","","","","","","-6.572501","-7.349999","","","","","","","","D1 PROFILE","","","","",""
"62501900000530","Nodes","-1023003","21.000000","41.746702","Default Known Flow Node","Known Flow","257435.476206","619962.827907","","0.000000","","","","","","","","","","","","0.000000","0.000000","","","","","","","","","","","","",""
"62501900000528","Nodes","-1023001","21.000000","41.746702","Default Known Flow Node","Known Flow","257429.470205","619959.405906","","0.000000","","","","","","","","","","","","0.000000","0.000000","","","","","","","","","","","","",""
"62501900000536","Nodes","-1023009","21.000000","41.710315","Default Known Flow Node","Known Flow","257465.701215","619913.822894","","0.000000","","","","","","","","","","","","0.000000","0.000000","","","","","","","","","","","","",""
"62501900000535","Nodes","-1023008","21.000000","41.710315","Default Known Flow Node","Known Flow","257463.099214","619908.557892","","0.000000","","","","","","","","","","","","0.000000","0.000000","","","","","","","","","","","","",""
"62501900000540","Nodes","-1023013","21.000000","41.811259","Default Known Flow Node","Known Flow","257492.129222","619930.459898","","0.000000","","","","","","","","","","","","0.000000","0.000000","","","","","","","","","","","","",""
"62501900000532","Nodes","-1023005","21.000000","41.753602","Default Known Flow Node","Known Flow","257460.084213","619932.933899","","0.000000","","","","","","","","","","","","0.000000","0.000000","","","","","","","","","","","","",""
"62501900000939","Nodes","-912075","21.000000","33.060233","Default Known Flow Node","Known Flow","257015.573092","619820.576868","","0.000000","","","","","","","","","","","","0.000000","0.000000","","","","","","","","","","","","",""
"62501900000189","Nodes","189","21.000000","33.088398","DDS demands","Known Flow","257062.062105","619756.317851","","0.000000","","","","","","-12.969999","","","","","","-11.598006","-12.969999","","","","","","","","D1 PROFILE","","","","",""
"62501900000470","Nodes","470","21.000000","33.212600","DDS demands","Known Flow","257082.115110","619712.211839","","0.000000","","","","-9.439999","","-24.239998","","","","","","-30.117257","-33.679998","","","","","","C4 PROFILE","","D1 PROFILE","","","","",""
"62501900000471","Nodes","471","21.000000","33.384102","Default Known Flow Node","Known Flow","257123.322121","619571.272801","","0.000000","","","","","","","","","","","","0.000000","0.000000","","","","","","","","","","","","",""
"62501900000523","Nodes","-1021654","21.000000","33.479408","Default Known Flow Node","Known Flow","257127.658123","619558.560797","","0.000000","","","","","","","","","","","","0.000000","0.000000","","","","","","","","","","","","",""
"62501900000473","Nodes","473","21.000000","33.318046","DDS demands","Known Flow","257110.588118","619554.700796","","0.000000","","","","","","-0.959999","","","","","","-0.858449","-0.959999","","","","","","","","D1 PROFILE","","","","",""
"62501900000472","Nodes","472","21.000000","33.479408","Default Known Flow Node","Known Flow","257128.661123","619555.047796","","0.000000","","","","","","","","","","","","0.000000","0.000000","","","","","","","","","","","","",""
"62501900000076","Nodes","76","21.000000","33.488475","DDS demands","Known Flow","257131.485124","619565.692799","","0.000000","","","","","","-0.930000","","","","","","-0.831622","-0.930000","","","","","","","","D1 PROFILE","","","","",""
"62501900000529","Nodes","-1023002","21.000000","41.746702","Default Known Flow Node","Known Flow","257435.094206","619959.113906","","0.000000","","","","","","","","","","","","0.000000","0.000000","","","","","","","","","","","","",""
"62501900000533","Nodes","-1023006","21.000000","41.746702","Default Known Flow Node","Known Flow","257460.326213","619949.207903","","0.000000","","","","","","","","","","","","0.000000","0.000000","","","","","","","","","","","","",""
"62501900000534","Nodes","-1023007","21.000000","41.741400","Default Known Flow Node","Known Flow","257460.459213","619961.713907","","0.000000","","","","","","","","","","","","0.000000","0.000000","","","","","","","","","","","","",""
"62501900000354","Nodes","354","21.000000","41.738063","DDS demands","Known Flow","257460.586213","619969.585909","","0.000000","","","","","","-7.710000","","","","","","-6.894420","-7.710000","","","","","","","","D1 PROFILE","","","","",""
"62501900000531","Nodes","-1023004","21.000000","41.741400","Default Known Flow Node","Known Flow","257445.855209","619962.707907","","0.000000","","","","","","","","","","","","0.000000","0.000000","","","","","","","","","","","","",""
"62501900000537","Nodes","-1023010","21.000000","41.710315","Default Known Flow Node","Known Flow","257466.981215","619908.052892","","0.000000","","","","","","","","","","","","0.000000","0.000000","","","","","","","","","","","","",""
"62501900000539","Nodes","-1023012","21.000000","41.817781","Default Known Flow Node","Known Flow","257491.945222","619915.083894","","0.000000","","","","","","","","","","","","0.000000","0.000000","","","","","","","","","","","","",""
"62501900000538","Nodes","-1023011","21.000000","41.817781","Default Known Flow Node","Known Flow","257479.317218","619913.292894","","0.000000","","","","","","","","","","","","0.000000","0.000000","","","","","","","","","","","","",""
"62501900000541","Nodes","-1023014","21.000000","41.811259","Default Known Flow Node","Known Flow","257501.628224","619930.438898","","0.000000","","","","","","","","","","","","0.000000","0.000000","","","","","","","","","","","","",""
"62501900000304","Nodes","304","21.000000","44.364896","DDS demands","Known Flow","257669.373270","619951.210904","","0.000000","","","","","","-9.079999","","","","","","-8.119498","-9.079999","","","","","","","","D1 PROFILE","","","","",""
"62501900000547","Nodes","-1058622","21.000000","44.513121","Default Known Flow Node","Known Flow","257676.233272","619914.953894","","0.000000","","","","","","","","","","","","0.000000","0.000000","","","","","","","","","","","","",""
"62501900000337","Nodes","337","21.000000","38.668364","DDS demands","Known Flow","257591.228249","619958.070906","","0.000000","","","","","","-3.800000","","","","","","-3.398028","-3.800000","","","","","","","","D1 PROFILE","","","","",""
"62501900000493","Nodes","-1018052","21.000000","38.691365","Default Known Flow Node","Known Flow","257610.627254","619949.025903","","0.000000","","","","","","","","","","","","0.000000","0.000000","","","","","","","","","","","","",""
"62501900000336","Nodes","336","21.000000","38.764734","DDS demands","Known Flow","257633.712534","619997.795259","","0.000000","","","","","","-17.670000","","","","","","-15.800830","-17.670000","","","","","","","","D1 PROFILE","","","","",""
"62501900000500","Nodes","-1018059","21.000000","38.764734","Default Known Flow Node","Known Flow","257639.711262","619997.695917","","0.000000","","","","","","","","","","","","0.000000","0.000000","","","","","","","","","","","","",""
"62501900000320","Nodes","320","21.000000","27.765549","DDS demands","Known Flow","257729.137286","619984.954913","","0.000000","","","","","","-13.159999","","","","","","-11.767906","-13.159999","","","","","","","","D1 PROFILE","","","","",""
"62501900000510","Nodes","-1018069","21.000000","27.905695","Default Known Flow Node","Known Flow","257744.729290","619990.478915","","0.000000","","","","","","","","","","","","0.000000","0.000000","","","","","","","","","","","","",""
"62501900000498","Nodes","-1018057","21.000000","38.692561","Default Known Flow Node","Known Flow","257634.190260","619969.445909","","0.000000","","","","","","","","","","","","0.000000","0.000000","","","","","","","","","","","","",""
"62501900000496","Nodes","-1018055","21.000000","38.691365","Default Known Flow Node","Known Flow","257612.342254","619968.595909","","0.000000","","","","","","","","","","","","0.000000","0.000000","","","","","","","","","","","","",""
"62501900000494","Nodes","-1018053","21.000000","38.691365","Default Known Flow Node","Known Flow","257611.099254","619969.099909","","0.000000","","","","","","","","","","","","0.000000","0.000000","","","","","","","","","","","","",""
"62501900000543","Nodes","-1023016","21.000000","41.811259","Default Known Flow Node","Known Flow","257504.876225","619932.713899","","0.000000","","","","","","","","","","","","0.000000","0.000000","","","","","","","","","","","","",""
"62501900000545","Nodes","-1023018","21.000000","41.804980","Default Known Flow Node","Known Flow","257528.358232","619929.698898","","0.000000","","","","","","","","","","","","0.000000","0.000000","","","","","","","","","","","","",""
"62501900000495","Nodes","-1018054","21.000000","38.691365","Default Known Flow Node","Known Flow","257612.221254","619971.970910","","0.000000","","","","","","","","","","","","0.000000","0.000000","","","","","","","","","","","","",""
"62501900000497","Nodes","-1018056","21.000000","38.736168","Default Known Flow Node","Known Flow","257622.957257","619971.959910","","0.000000","","","","","","","","","","","","0.000000","0.000000","","","","","","","","","","","","",""
"62501900000503","Nodes","-1018062","21.000000","38.764734","Default Known Flow Node","Known Flow","257649.461552","619997.593349","","0.000000","","","","","","","","","","","","0.000000","0.000000","","","","","","","","","","","","",""
"62501900000780","Nodes","-175500","21.000000","38.764734","Default Known Flow Node","Known Flow","257651.211265","619997.570917","","0.000000","","","","","","","","","","","","0.000000","0.000000","","","","","","","","","","","","",""
"62501900000509","Nodes","-1018068","21.000000","27.905695","Default Known Flow Node","Known Flow","257740.586289","619999.570917","","0.000000","","","","","","","","","","","","0.000000","0.000000","","","","","","","","","","","","",""
"62501900000542","Nodes","-1023015","21.000000","41.811259","Default Known Flow Node","Known Flow","257504.617225","619928.219898","","0.000000","","","","","","","","","","","","0.000000","0.000000","","","","","","","","","","","","",""
"62501900000544","Nodes","-1023017","21.000000","41.631711","Default Known Flow Node","Known Flow","257515.591228","619932.185899","","0.000000","","","","","","","","","","","","0.000000","0.000000","","","","","","","","","","","","",""
"62501900000546","Nodes","","21.000000","44.592432","DDS demands","Known Flow","257582.649246","619929.956898","","0.000000","","","","","","-1.019999","","","","","","-0.912102","-1.019999","","","","","","","","D1 PROFILE","","","","",""
"62501900000363","Nodes","363","21.000000","32.302171","Default Known Flow Node","Known Flow","256115.085847","620016.570922","","0.000000","","","","","","","","","","","","0.000000","0.000000","","","","","","","","","","","","",""
"62501900000221","Nodes","221","21.000000","38.762490","DDS demands","Known Flow","256694.586005","620301.070999","","0.000000","","","","","","-4.469999","","","","","","-3.997153","-4.469999","","","","","","","","D1 PROFILE","","","","",""
"62501900000222","Nodes","222","21.000000","37.817065","DDS demands","Known Flow","256701.212006","620342.956011","","0.000000","","","","","","-1.760000","","","","","","-1.573823","-1.760000","","","","","","","","D1 PROFILE","","","","",""
"62501900000753","Nodes","-173859","21.000000","42.238744","Default Known Flow Node","Known Flow","256686.586003","620113.820948","","0.000000","","","","","","","","","","","","0.000000","0.000000","","","","","","","","","","","","",""
"62501900000350","Nodes","350","21.000000","37.320001","DDS demands","Known Flow","256737.064016","620365.576017","","0.000000","","","","","","-11.680000","","","","","","-10.444465","-11.680000","","","","","","","","D1 PROFILE","","","","",""
"62501900000752","Nodes","-173858","21.000000","42.238744","Default Known Flow Node","Known Flow","256685.336002","620105.945946","","0.000000","","","","","","","","","","","","0.000000","0.000000","","","","","","","","","","","","",""
"62501900000476","Nodes","476","21.000000","37.266047","Default Known Flow Node","Known Flow","256741.336017","620363.568016","","0.000000","","","","","","","","","","","","0.000000","0.000000","","","","","","","","","","","","",""
"62501900000351","Nodes","351","21.000000","36.674733","DDS demands","Known Flow","256799.083033","620342.572010","","0.000000","","","","","","-7.499999","","","","","","-6.706634","-7.499999","","","","","","","","D1 PROFILE","","","","",""
"62501900000389","Nodes","389","21.000000","37.274381","DDS demands","Known Flow","256739.336017","620370.321018","","0.000000","-36.000000","","","","","","","","","","","-32.191845","-36.000000","","","C1 PROFILE","","","","","","","","","",""
"62501900000475","Nodes","475","21.000000","37.230827","Default Known Flow Node","Known Flow","256741.211017","620375.821019","","0.000000","","","","","","","","","","","","0.000000","0.000000","","","","","","","","","","","","",""
"62501900000654","Nodes","-169439","21.000000","37.230827","Default Known Flow Node","Known Flow","256731.521015","620380.250021","","0.000000","","","","","","","","","","","","0.000000","0.000000","","","","","","","","","","","","",""
"62501900000890","Nodes","-496520","21.000000","30.256708","Default Known Flow Node","Known Flow","257110.836118","620059.820933","","0.000000","","","","","","","","","","","","0.000000","0.000000","","","","","","","","","","","","",""
"62501900000793","Nodes","-2844960","21.000000","33.249924","Default Known Flow Node","Known Flow","257277.961163","620204.570973","","0.000000","","","","","","","","","","","","0.000000","0.000000","","","","","","","","","","","","",""
"62501900000889","Nodes","-454568","21.000000","39.083486","Default Known Flow Node","Known Flow","257234.961152","620092.570942","","0.000000","","","","","","","","","","","","0.000000","0.000000","","","","","","","","","","","","",""
"62501900000882","Nodes","-439815","21.000000","28.028095","Default Known Flow Node","Known Flow","257429.961205","620314.696003","","0.000000","","","","","","","","","","","","0.000000","0.000000","","","","","","","","","","","","",""
"62501900000878","Nodes","-439811","21.000000","29.858564","Default Known Flow Node","Known Flow","257157.711131","620128.070952","","0.000000","","","","","","","","","","","","0.000000","0.000000","","","","","","","","","","","","",""
"62501900000330","Nodes","P00052116/326389, Townhead Street CSEP, -4.43SCMH","22.999998","30.188226","CSEP DDS Matched","Known Flow","257122.336121","620138.820955","","0.000000","","","","","","","-4.429999","","","","","-3.961385","-4.429999","","","","","","","","","DC PROFILE","","","",""
"62501900000876","Nodes","-415167","21.000000","30.258276","Default Known Flow Node","Known Flow","257130.211123","620168.570963","","0.000000","","","","","","","","","","","","0.000000","0.000000","","","","","","","","","","","","",""
"62501900000877","Nodes","","21.000000","28.501935","DDS demands","Known Flow","257130.211123","620107.820947","","0.000000","","","","","","-24.769999","","","","","","-22.149776","-24.769999","","","","","","","","D1 PROFILE","","","","",""
"62501900000880","Nodes","-439813","21.000000","28.036024","Default Known Flow Node","Known Flow","257420.076525","620301.947500","","0.000000","","","","","","","","","","","","0.000000","0.000000","","","","","","","","","","","","",""
"62501900000879","Nodes","-439812","21.000000","28.036024","Default Known Flow Node","Known Flow","257410.711200","620302.195999","","0.000000","","","","","","","","","","","","0.000000","0.000000","","","","","","","","","","","","",""
"62501900000881","Nodes","","0.000000","29.101889","DDS demands","Known Flow","257282.151165","620299.832999","","0.000000","","","","","","-12.289999","","","","","","-10.989937","-12.289999","","","","","","","","D1 PROFILE","","","","",""
"62501900000883","Nodes","","21.000000","39.652222","DDS demands","Known Flow","257439.961208","620227.070979","","0.000000","","","","","","-11.170000","","","","","","-9.988414","-11.170000","","","","","","","","D1 PROFILE","","","","",""
"62501900000884","Nodes","-439817","21.000000","28.045209","Default Known Flow Node","Known Flow","257431.711205","620313.070002","","0.000000","","","","","","","","","","","","0.000000","0.000000","","","","","","","","","","","","",""
"62501900000885","Nodes","-439818","21.000000","28.045209","Default Known Flow Node","Known Flow","257435.711206","620318.446004","","0.000000","","","","","","","","","","","","0.000000","0.000000","","","","","","","","","","","","",""
"62501900000381","Nodes","381","21.000000","39.081555","DDS demands","Known Flow","257227.961150","620094.195943","","0.000000","","","","-5.929999","","","","","","","","-5.302711","-5.929999","","","","","","C4 PROFILE","","","","","","",""
"62501900000888","Nodes","","21.000000","39.065515","DDS demands","Known Flow","257234.336152","620085.695941","","0.000000","-6.000000","","","","","","","","","","","-5.365307","-6.000000","","","C1 PROFILE","","","","","","","","","",""
"62501900000794","Nodes","-2844983","21.000000","27.751240","Default Known Flow Node","Known Flow","257149.211128","620237.445982","","0.000000","","","","","","","","","","","","0.000000","0.000000","","","","","","","","","","","","",""
"62501900000478","Nodes","478","21.000000","26.824544","DDS demands","Known Flow","257104.983116","620213.813975","","0.000000","","","","","","-7.649999","","","","","","-6.840766","-7.649999","","","","","","","","D1 PROFILE","","","","",""
"62501900000518","Nodes","-1018643","21.000000","26.817118","Default Known Flow Node","Known Flow","257091.475659","620214.644885","","0.000000","","","","","","","","","","","","0.000000","0.000000","","","","","","","","","","","","",""
"62501900000517","Nodes","-1018640","21.000000","26.820402","Default Known Flow Node","Known Flow","257089.461112","620188.695969","","0.000000","","","","","","","","","","","","0.000000","0.000000","","","","","","","","","","","","",""
"62501900000463","Nodes","463","21.000000","27.730404","DDS demands","Known Flow","257148.086128","620236.070981","","0.000000","","","","","","-15.909999","","","","","","-14.227006","-15.909999","","","","","","","","D1 PROFILE","","","","",""
"62501900000520","Nodes","-1018645","21.000000","27.171774","Default Known Flow Node","Known Flow","257139.336126","620224.195978","","0.000000","","","","","","","","","","","","0.000000","0.000000","","","","","","","","","","","","",""
"62501900000511","Nodes","-1018631","21.000000","26.780892","Default Known Flow Node","Known Flow","257025.586223","620218.698069","","0.000000","","","","","","","","","","","","0.000000","0.000000","","","","","","","","","","","","",""
"62501900000480","Nodes","480","21.000000","26.730936","DDS demands","Known Flow","257015.460092","620219.320977","","0.000000","","","","","","-2.789999","","","","","","-2.494867","-2.789999","","","","","","","","D1 PROFILE","","","","",""
"62501900000512","Nodes","-1018632","21.000000","26.815435","Default Known Flow Node","Known Flow","257040.586099","620190.820969","","0.000000","","","","","","","","","","","","0.000000","0.000000","","","","","","","","","","","","",""
"62501900000479","Nodes","479","21.000000","26.814330","DDS demands","Known Flow","257029.711096","620191.445969","","0.000000","","","","","","-1.200000","","","","","","-1.073061","-1.200000","","","","","","","","D1 PROFILE","","","","",""
"62501900000513","Nodes","-1018635","21.000000","26.791479","Default Known Flow Node","Known Flow","257044.836100","620217.445976","","0.000000","","","","","","","","","","","","0.000000","0.000000","","","","","","","","","","","","",""
"62501900000514","Nodes","-1018636","21.000000","26.818838","Default Known Flow Node","Known Flow","257074.086108","620189.820969","","0.000000","","","","","","","","","","","","0.000000","0.000000","","","","","","","","","","","","",""
"62501900000516","Nodes","-1018639","21.000000","26.808385","Default Known Flow Node","Known Flow","257075.586108","620215.570976","","0.000000","","","","","","","","","","","","0.000000","0.000000","","","","","","","","","","","","",""
"62501900000515","Nodes","-1018638","21.000000","26.808385","Default Known Flow Node","Known Flow","257075.086108","620208.320974","","0.000000","","","","","","","","","","","","0.000000","0.000000","","","","","","","","","","","","",""
"62501900000519","Nodes","-1018644","21.000000","27.615861","Default Known Flow Node","Known Flow","257128.461123","620258.820988","","0.000000","","","","","","","","","","","","0.000000","0.000000","","","","","","","","","","","","",""
"62501900000499","Nodes","-1018058","21.000000","38.764734","Default Known Flow Node","Known Flow","257639.586262","620010.320920","","0.000000","","","","","","","","","","","","0.000000","0.000000","","","","","","","","","","","","",""
"62501900000504","Nodes","-1018063","21.000000","38.764734","Default Known Flow Node","Known Flow","257651.961265","620013.320921","","0.000000","","","","","","","","","","","","0.000000","0.000000","","","","","","","","","","","","",""
"62501900000507","Nodes","-1018066","21.000000","27.905695","Default Known Flow Node","Known Flow","257736.211288","620010.320920","","0.000000","","","","","","","","","","","","0.000000","0.000000","","","","","","","","","","","","",""
"62501900000505","Nodes","-1018064","21.000000","27.905695","Default Known Flow Node","Known Flow","257725.461285","620012.320921","","0.000000","","","","","","","","","","","","0.000000","0.000000","","","","","","","","","","","","",""
"62501900000502","Nodes","-1018061","21.000000","38.764734","Default Known Flow Node","Known Flow","257642.336263","620013.445921","","0.000000","","","","","","","","","","","","0.000000","0.000000","","","","","","","","","","","","",""
"62501900000508","Nodes","-1018067","21.000000","27.905695","Default Known Flow Node","Known Flow","257736.461288","620012.195921","","0.000000","","","","","","","","","","","","0.000000","0.000000","","","","","","","","","","","","",""
"62501900000412","Nodes","412","21.000000","27.116609","Default Known Flow Node","Known Flow","257579.368245","620317.075003","","0.000000","","","","","","","","","","","","0.000000","0.000000","","","","","","","","","","","","",""
"62501900000887","Nodes","-439820","21.000000","27.074252","Default Known Flow Node","Known Flow","257587.046248","620321.188005","","0.000000","","","","","","","","","","","","0.000000","0.000000","","","","","","","","","","","","",""
"62501900000501","Nodes","-1018060","21.000000","38.764734","Default Known Flow Node","Known Flow","257641.961262","620010.195920","","0.000000","","","","","","","","","","","","0.000000","0.000000","","","","","","","","","","","","",""
"62501900000506","Nodes","-1018065","21.000000","27.905695","Default Known Flow Node","Known Flow","257734.586288","620010.320920","","0.000000","","","","","","","","","","","","0.000000","0.000000","","","","","","","","","","","","",""
"62501900000441","Nodes","HOSPITAL ROAD/BUTE ROAD RRI,","21.000000","75.000029","Default Known Pressure Node","Known Pressure","256395.452923","620708.446110","","0.000000","","","","","","","","","","","","43.915039","49.109998","","","","","","","","","","","","",""
"62501900000893","Nodes","","21.000000","74.899952","Default Known Flow Node","Known Flow","256399.961117","620711.168157","","0.000000","","","","","","","","","","","","0.000000","0.000000","","","","","","","","","","","","",""
"62501900000896","Nodes","","21.000000","74.426494","DDS demands","Known Flow","256409.127927","620772.914128","","0.000000","","","","","","-1.649999","","","","","","-1.475459","-1.649999","","","","","","","","D1 PROFILE","","","","",""
"62501900000900","Nodes","-535367","21.000000","74.428688","Default Known Flow Node","Known Flow","256421.095930","620772.613127","","0.000000","","","","","","","","","","","","0.000000","0.000000","","","","","","","","","","","","",""
"62501900000904","Nodes","","21.000000","57.505049","DDS demands","Known Flow","256442.835936","620955.446177","","0.000000","","","","","","-3.549999","","","","","","-3.174473","-3.549999","","","","","","","","D1 PROFILE","","","","",""
"62501900000906","Nodes","","21.000000","57.510613","DDS demands","Known Flow","256447.960938","620951.571176","","0.000000","","","","","","-2.910000","","","","","","-2.602174","-2.910000","","","","","","","","D1 PROFILE","","","","",""
"62501900000450","Nodes","BUTE ROAD RRI,","21.000000","75.000020","Default Known Pressure Node","Known Pressure","256450.335938","620826.946142","","0.000000","","","","","","","","","","","","69.856303","78.119995","","","","","","","","","","","","",""
"62501900000916","Nodes","-535390","21.000000","60.128565","Default Known Flow Node","Known Flow","256493.309950","620925.990169","","0.000000","","","","","","","","","","","","0.000000","0.000000","","","","","","","","","","","","",""
"62501900000915","Nodes","","21.000000","58.335787","DDS demands","Known Flow","256483.943947","620964.713180","","0.000000","","","","","","-2.170000","","","","","","-1.940452","-2.170000","","","","","","","","D1 PROFILE","","","","",""
"62501900000914","Nodes","-535388","21.000000","57.956689","Default Known Flow Node","Known Flow","256467.929943","620977.941183","","0.000000","","","","","","","","","","","","0.000000","0.000000","","","","","","","","","","","","",""
"62501900000894","Nodes","","21.000000","74.833483","Default Known Flow Node","Known Flow","256404.235703","620709.480427","","0.000000","","","","","","","","","","","","0.000000","0.000000","","","","","","","","","","","","",""
"62501900000899","Nodes","","21.000000","74.429641","DDS demands","Known Flow","256419.556930","620741.407119","","0.000000","","","","","","-2.869999","","","","","","-2.566405","-2.869999","","","","","","","","D1 PROFILE","","","","",""
"62501900000895","Nodes","","21.000000","74.415710","DDS demands","Known Flow","256405.993926","620742.040119","","0.000000","","","","","","-3.899999","","","","","","-3.487449","-3.899999","","","","","","","","D1 PROFILE","","","","",""
"62501900000907","Nodes","-535374","21.000000","74.469694","Default Known Flow Node","Known Flow","256448.203938","620771.121127","","0.000000","","","","","","","","","","","","0.000000","0.000000","","","","","","","","","","","","",""
"62501900000903","Nodes","","21.000000","72.722055","DDS demands","Known Flow","256425.835932","620834.571144","","0.000000","","","","","","-2.509999","","","","","","-2.244486","-2.509999","","","","","","","","D1 PROFILE","","","","",""
"62501900000897","Nodes","","21.000000","72.590828","DDS demands","Known Flow","256414.085928","620834.571144","","0.000000","","","","","","-0.560000","","","","","","-0.500762","-0.560000","","","","","","","","D1 PROFILE","","","","",""
"62501900000901","Nodes","","21.000000","72.174739","DDS demands","Known Flow","256424.210931","620806.321137","","0.000000","","","","","","-1.940000","","","","","","-1.734782","-1.940000","","","","","","","","D1 PROFILE","","","","",""
"62501900000905","Nodes","","21.000000","74.562324","DDS demands","Known Flow","256443.730936","620740.006119","","0.000000","","","","","","-2.269999","","","","","","-2.029874","-2.269999","","","","","","","","D1 PROFILE","","","","",""
"62501900000912","Nodes","-535384","21.000000","74.675971","Default Known Flow Node","Known Flow","256461.987941","620777.097129","","0.000000","","","","","","","","","","","","0.000000","0.000000","","","","","","","","","","","","",""
"62501900000911","Nodes","","21.000000","57.462740","DDS demands","Known Flow","256461.835941","620940.321173","","0.000000","","","","","","-6.789999","","","","","","-6.071739","-6.789999","","","","","","","","D1 PROFILE","","","","",""
"62501900000917","Nodes","","21.000000","64.354713","DDS demands","Known Flow","256493.703950","620864.698152","","0.000000","","","","","","-2.679999","","","","","","-2.396503","-2.679999","","","","","","","","D1 PROFILE","","","","",""
"62501900000913","Nodes","","21.000000","74.675403","DDS demands","Known Flow","256462.352942","620779.145129","","0.000000","","","","","","-4.909999","","","","","","-4.390609","-4.909999","","","","","","","","D1 PROFILE","","","","",""
"62501900000910","Nodes","","21.000000","57.820181","DDS demands","Known Flow","256461.249307","620996.711118","","0.000000","","","","","","-3.450000","","","","","","-3.085051","-3.450000","","","","","","","","D1 PROFILE","","","","",""
"62501900000200","Nodes","200","21.000000","24.680712","DDS demands","Known Flow","256583.890138","620738.049292","","0.000000","","","","","","-26.249999","","","","","","-23.473219","-26.249999","","","","","","","","D1 PROFILE","","","","",""
"62501900000919","Nodes","","21.000000","73.894112","DDS demands","Known Flow","256527.178959","620776.000128","","0.000000","","","","","","-15.630000","","","","","","-13.976626","-15.630000","","","","","","","","D1 PROFILE","","","","",""
"62501900000918","Nodes","","21.000000","58.363580","DDS demands","Known Flow","256510.869955","620998.094189","","0.000000","","","","","","-6.229999","","","","","","-5.570977","-6.229999","","","","","","","","D1 PROFILE","","","","",""
"62501900000920","Nodes","","21.000000","58.980644","DDS demands","Known Flow","256547.335965","620915.821166","","0.000000","","","","","","-4.999999","","","","","","-4.471089","-4.999999","","","","","","","","D1 PROFILE","","","","",""
"62501900000237","Nodes","237","21.000000","24.346803","DDS demands","Known Flow","256649.540992","620678.728102","","0.000000","","","","","","-9.379999","","","","","","-8.387763","-9.379999","","","","","","","","D1 PROFILE","","","","",""
"62501900000922","Nodes","","21.000000","58.835045","DDS demands","Known Flow","256564.085969","620907.696164","","0.000000","","","","","","-10.770000","","","","","","-9.630727","-10.770000","","","","","","","","D1 PROFILE","","","","",""
"62501900000875","Nodes","","21.000000","23.109014","DDS demands","Known Flow","256635.952989","620756.719123","","0.000000","","","","","","-14.199999","","","","","","-12.697893","-14.199999","","","","","","","","D1 PROFILE","","","","",""
"62501900000396","Nodes","P07113883/01, Holmhead CSEP, FY1 -51.23SCMH & (CT16 -75.51)","25.000000","25.003100","CSEP DDS Matched","Known Flow","256677.725000","620795.578134","","0.000000","","","","","","","-51.230001","","","","","-45.810783","-51.230001","","","","","","","","","DC PROFILE","","","",""
"62501900000238","Nodes","238","21.000000","24.266537","DDS demands","Known Flow","256685.003002","620658.678096","","0.000000","","","","","","-5.780000","","","","","","-5.168579","-5.780000","","","","","","","","D1 PROFILE","","","","",""
"62501900000921","Nodes","","21.000000","58.936146","DDS demands","Known Flow","256551.835966","620898.071162","","0.000000","","","","","","-5.709999","","","","","","-5.105984","-5.709999","","","","","","","","D1 PROFILE","","","","",""
"62501900000557","Nodes","-1344417","21.000000","31.176929","Default Known Flow Node","Known Flow","258291.976439","618498.465509","","0.000000","","","","","","","","","","","","0.000000","0.000000","","","","","","","","","","","","",""
"62501900000253","Nodes","253","21.000000","30.664984","DDS demands","Known Flow","258308.939444","618463.157499","","0.000000","","","","","","-20.820000","","","","","","-18.617616","-20.820000","","","","","","","","D1 PROFILE","","","","",""
"62501900000149","Nodes","149","21.000000","31.153362","Default Known Flow Node","Known Flow","258360.175350","618640.870134","","0.000000","","","","","","","","","","","","0.000000","0.000000","","","","","","","","","","","","",""
"62501900000559","Nodes","","21.000000","24.543672","DDS demands","Known Flow","258332.662450","618628.516544","","0.000000","","","","","","-8.090000","","","","","","-7.234223","-8.090000","","","","","","","","D1 PROFILE","","","","",""
"62501900000252","Nodes","252","21.000000","31.914611","DDS demands","Known Flow","258295.939440","618542.405521","","0.000000","","","","","","-1.409999","","","","","","-1.260847","-1.409999","","","","","","","","D1 PROFILE","","","","",""
"62501900000451","Nodes","451","21.000000","33.867045","Default Known Flow Node","Known Flow","257450.849761","619142.297909","","0.000000","","","","","","","","","","","","0.000000","0.000000","","","","","","","","","","","","",""
"62501900000361","Nodes","361","21.000000","33.983394","Default Known Flow Node","Known Flow","256217.335875","619983.070913","","0.000000","","","","","","","","","","","","0.000000","0.000000","","","","","","","","","","","","",""
"62501900000556","Nodes","-1234851","21.000000","34.027159","Default Known Flow Node","Known Flow","256224.460877","619930.070898","","0.000000","","","","","","","","","","","","0.000000","0.000000","","","","","","","","","","","","",""
"62501900000558","Nodes","-1344445","21.000000","29.641419","Default Known Flow Node","Known Flow","256865.586051","619606.195810","","0.000000","","","","","","","","","","","","0.000000","0.000000","","","","","","","","","","","","",""
"62501900000661","Nodes","","21.000000","33.805818","DDS demands","Known Flow","256648.335992","619574.945802","","0.000000","","","","","","-1.019999","","","","","","-0.912102","-1.019999","","","","","","","","D1 PROFILE","","","","",""
"62501900000561","Nodes","-1446670","21.000000","28.836070","Default Known Flow Node","Known Flow","257215.741564","620153.328331","","0.000000","","","","","","","","","","","","0.000000","0.000000","","","","","","","","","","","","",""
"62501900000562","Nodes","-1446671","21.000000","28.880312","Default Known Flow Node","Known Flow","257225.336149","620155.195959","","0.000000","","","","","","","","","","","","0.000000","0.000000","","","","","","","","","","","","",""
"62501900000551","Nodes","","21.000000","74.803138","Default Known Flow Node","Known Flow","256405.424077","620710.136513","","0.000000","","","","","","","","","","","","0.000000","0.000000","","","","","","","","","","","","",""
"62501900000892","Nodes","-535355","21.000000","23.910948","Default Known Flow Node","Known Flow","256384.411920","620748.964121","","0.000000","","","","","","","","","","","","0.000000","0.000000","","","","","","","","","","","","",""
"62501900000891","Nodes","-535354","21.000000","23.910948","Default Known Flow Node","Known Flow","256381.730920","620749.207121","","0.000000","","","","","","","","","","","","0.000000","0.000000","","","","","","","","","","","","",""
"62501900000552","Nodes","","21.000000","74.812516","DDS demands","Known Flow","256405.583926","620708.948110","","0.000000","","","","","","-7.190000","","","","","","-6.429426","-7.190000","","","","","","","","D1 PROFILE","","","","",""
"62501900000902","Nodes","","21.000000","59.934309","DDS demands","Known Flow","256424.687931","620688.571105","","0.000000","","","","","","-10.689999","","","","","","-9.559189","-10.689999","","","","","","","","D1 PROFILE","","","","",""
"62501900000923","Nodes","","21.000000","57.744679","DDS demands","Known Flow","256473.821945","621047.503202","","0.000000","","","","","","-6.740000","","","","","","-6.027028","-6.740000","","","","","","","","D1 PROFILE","","","","",""
"62501900000851","Nodes","","21.000000","31.734075","DDS demands","Known Flow","258347.996455","618464.556499","","0.000000","","","","","","-21.459999","","","","","","-19.189915","-21.459999","","","","","","","","D1 PROFILE","","","","",""
"62501900000868","Nodes","","21.000000","31.721590","DDS demands","Known Flow","258332.020450","618450.865496","","0.000000","","","","","","-3.589999","","","","","","-3.210242","-3.589999","","","","","","","","D1 PROFILE","","","","",""
"62501900000869","Nodes","-3772793","21.000000","32.314592","Default Known Flow Node","Known Flow","257918.574049","618728.393759","","0.000000","","","","","","","","","","","","0.000000","0.000000","","","","","","","","","","","","",""
"62501900000353","Nodes","353","21.000000","31.199398","DDS demands","Known Flow","257855.586321","618584.420532","","0.000000","","","","","","-8.879999","","","","","","-7.940654","-8.879999","","","","","","","","D1 PROFILE","","","","",""
"62501900000824","Nodes","-3449045","21.000000","31.192157","Default Known Flow Node","Known Flow","257859.961172","618584.818188","","0.000000","","","","","","","","","","","","0.000000","0.000000","","","","","","","","","","","","",""
"62501900000825","Nodes","","21.000000","31.188016","DDS demands","Known Flow","257862.462322","618585.045532","","0.000000","","","","","","-0.880000","","","","","","-0.786911","-0.880000","","","","","","","","D1 PROFILE","","","","",""
"62501900000826","Nodes","-3449047","21.000000","31.192157","Default Known Flow Node","Known Flow","257863.417323","618577.034530","","0.000000","","","","","","","","","","","","0.000000","0.000000","","","","","","","","","","","","",""
"62501900000844","Nodes","-3621912","21.000000","33.045634","Default Known Flow Node","Known Flow","258282.721437","618898.644618","","0.000000","","","","","","","","","","","","0.000000","0.000000","","","","","","","","","","","","",""
"62501900000251","Nodes","251","21.000000","31.990168","DDS demands","Known Flow","258302.686283","618588.665129","","0.000000","","","","","","-6.020000","","","","","","-5.383191","-6.020000","","","","","","","","D1 PROFILE","","","","",""
"62501900000845","Nodes","-3621913","21.000000","31.978444","Default Known Flow Node","Known Flow","258302.338442","618585.251532","","0.000000","","","","","","","","","","","","0.000000","0.000000","","","","","","","","","","","","",""
"62501900000841","Nodes","","21.000000","32.421433","DDS demands","Known Flow","258278.580436","618687.407560","","0.000000","","","","","","-2.339999","","","","","","-2.092469","-2.339999","","","","","","","","D1 PROFILE","","","","",""
"62501900000852","Nodes","","21.000000","31.232556","DDS demands","Known Flow","258359.865458","618641.678548","","0.000000","","","","","","-2.609999","","","","","","-2.333908","-2.609999","","","","","","","","D1 PROFILE","","","","",""
"62501900000866","Nodes","-3726136","21.000000","31.334267","Default Known Flow Node","Known Flow","258301.966442","618793.525589","","0.000000","","","","","","","","","","","","0.000000","0.000000","","","","","","","","","","","","",""
"62501900000862","Nodes","-3699853","21.000000","33.307366","Default Known Flow Node","Known Flow","258412.735472","618861.962608","","0.000000","","","","","","","","","","","","0.000000","0.000000","","","","","","","","","","","","",""
"62501900000861","Nodes","-3699852","21.000000","33.044356","Default Known Flow Node","Known Flow","258304.043443","618901.133618","","0.000000","","","","","","","","","","","","0.000000","0.000000","","","","","","","","","","","","",""
"62501900000848","Nodes","","21.000000","31.712372","DDS demands","Known Flow","258332.082450","618707.299565","","0.000000","","","","","","-4.619999","","","","","","-4.131286","-4.619999","","","","","","","","D1 PROFILE","","","","",""
"62501900000843","Nodes","","21.000000","32.132453","DDS demands","Known Flow","258280.715436","618609.262539","","0.000000","","","","","","-1.700000","","","","","","-1.520170","-1.700000","","","","","","","","D1 PROFILE","","","","",""
"62501900000842","Nodes","-3621910","21.000000","32.087449","Default Known Flow Node","Known Flow","258280.388626","618597.685600","","0.000000","","","","","","","","","","","","0.000000","0.000000","","","","","","","","","","","","",""
"62501900000860","Nodes","","21.000000","32.112698","DDS demands","Known Flow","258280.351436","618604.272537","","0.000000","","","","","","-1.320000","","","","","","-1.180367","-1.320000","","","","","","","","D1 PROFILE","","","","",""
"62501900000846","Nodes","-3621915","21.000000","31.987010","Default Known Flow Node","Known Flow","258304.475443","618588.479533","","0.000000","","","","","","","","","","","","0.000000","0.000000","","","","","","","","","","","","",""
"62501900000853","Nodes","","21.000000","31.690823","DDS demands","Known Flow","258365.077798","618585.869026","","0.000000","","","","","","-7.010000","","","","","","-6.268467","-7.010000","","","","","","","","D1 PROFILE","","","","",""
"62501900000847","Nodes","","21.000000","31.470424","DDS demands","Known Flow","258325.928033","618784.829405","","0.000000","","","","","","-5.680000","","","","","","-5.079157","-5.680000","","","","","","","","D1 PROFILE","","","","",""
"62501900000850","Nodes","","21.000000","31.227035","DDS demands","Known Flow","258338.102452","618833.146600","","0.000000","","","","","","-10.750000","","","","","","-9.612842","-10.750000","","","","","","","","D1 PROFILE","","","","",""
"62501900000849","Nodes","","21.000000","31.694701","DDS demands","Known Flow","258334.618451","618708.440566","","0.000000","","","","","","-3.170000","","","","","","-2.834670","-3.170000","","","","","","","","D1 PROFILE","","","","",""
"62501900000867","Nodes","","21.000000","31.478425","DDS demands","Known Flow","258325.688449","618783.889586","","0.000000","","","","","","-4.579999","","","","","","-4.095518","-4.579999","","","","","","","","D1 PROFILE","","","","",""
"62501900000855","Nodes","","21.000000","31.680794","DDS demands","Known Flow","258386.556465","618764.018581","","0.000000","","","","","","-5.789999","","","","","","-5.177521","-5.789999","","","","","","","","D1 PROFILE","","","","",""
"62501900000854","Nodes","-3621923","21.000000","31.684225","Default Known Flow Node","Known Flow","258366.579460","618585.884532","","0.000000","","","","","","","","","","","","0.000000","0.000000","","","","","","","","","","","","",""
"62501900000856","Nodes","","21.000000","31.881223","DDS demands","Known Flow","258388.173466","618586.261533","","0.000000","","","","","","-5.169999","","","","","","-4.623106","-5.169999","","","","","","","","D1 PROFILE","","","","",""
"62501900000857","Nodes","","21.000000","31.575103","DDS demands","Known Flow","258397.832468","618805.184592","","0.000000","","","","","","-8.760000","","","","","","-7.833349","-8.760000","","","","","","","","D1 PROFILE","","","","",""
"62501900000859","Nodes","","21.000000","31.674997","DDS demands","Known Flow","258416.850473","618754.934578","","0.000000","","","","","","-1.999999","","","","","","-1.788435","-1.999999","","","","","","","","D1 PROFILE","","","","",""
"62501900000858","Nodes","","21.000000","31.399936","DDS demands","Known Flow","258411.097472","618847.261604","","0.000000","","","","","","-6.969999","","","","","","-6.232698","-6.969999","","","","","","","","D1 PROFILE","","","","",""
"62501900000774","Nodes","","21.000000","31.321909","DDS demands","Known Flow","258308.601444","618812.920594","","0.000000","","","","","","-2.929999","","","","","","-2.620058","-2.929999","","","","","","","","D1 PROFILE","","","","",""
"62501900000565","Nodes","","21.000000","31.979313","DDS demands","Known Flow","257092.244113","619394.479752","","0.000000","","","","","","-2.490000","","","","","","-2.226602","-2.490000","","","","","","","","D1 PROFILE","","","","",""
"62501900000566","Nodes","","21.000000","33.122368","DDS demands","Known Flow","257130.752123","619479.850776","","0.000000","","","","","","-1.159999","","","","","","-1.037292","-1.159999","","","","","","","","D1 PROFILE","","","","",""
"62501900000832","Nodes","-3548208","21.000000","33.836351","Default Known Flow Node","Known Flow","256319.335903","619899.195890","","0.000000","","","","","","","","","","","","0.000000","0.000000","","","","","","","","","","","","",""
"62501900000829","Nodes","","21.000000","34.046228","DDS demands","Known Flow","256374.460918","619951.070904","","0.000000","","","","","","-1.799999","","","","","","-1.609592","-1.799999","","","","","","","","D1 PROFILE","","","","",""
"62501900000831","Nodes","-3548207","21.000000","33.829853","Default Known Flow Node","Known Flow","256319.334903","619889.195887","","0.000000","","","","","","","","","","","","0.000000","0.000000","","","","","","","","","","","","",""
"62501900000833","Nodes","","21.000000","33.058825","DDS demands","Known Flow","256321.960903","619869.945882","","0.000000","","-180.289991","","","","","","","","","","-161.218532","-180.289991","","","","C2 PROFILE","","","","","","","","",""
"62501900000830","Nodes","-3532814","21.000000","35.069447","Default Known Flow Node","Known Flow","256533.210961","619743.945848","","0.000000","","","","","","","","","","","","0.000000","0.000000","","","","","","","","","","","","",""
"62501900000564","Nodes","-1584634","21.000000","33.454255","Default Known Flow Node","Known Flow","256964.331898","619940.393563","","0.000000","","","","","","","","","","","","0.000000","0.000000","","","","","","","","","","","","",""
"62501900000427","Nodes","427","21.000000","35.069447","Default Known Flow Node","Known Flow","256528.210959","619749.445849","","0.000000","","","","","","","","","","","","0.000000","0.000000","","","","","","","","","","","","",""
"62501900000874","Nodes","-3896805","21.000000","30.899081","Default Known Flow Node","Known Flow","257190.649140","619778.836857","","0.000000","","","","","","","","","","","","0.000000","0.000000","","","","","","","","","","","","",""
"62501900000870","Nodes","-3896801","21.000000","31.423995","Default Known Flow Node","Known Flow","257149.291572","619805.670493","","0.000000","","","","","","","","","","","","0.000000","0.000000","","","","","","","","","","","","",""
"62501900000872","Nodes","","21.000000","31.113729","DDS demands","Known Flow","257153.988130","619789.566860","","0.000000","","","","","","-1.019999","","","","","","-0.912102","-1.019999","","","","","","","","D1 PROFILE","","","","",""
"62501900000871","Nodes","-3896802","21.000000","31.393371","Default Known Flow Node","Known Flow","257152.872129","619805.295864","","0.000000","","","","","","","","","","","","0.000000","0.000000","","","","","","","","","","","","",""
"62501900000873","Nodes","-3896804","21.000000","30.903860","Default Known Flow Node","Known Flow","257190.174988","619779.137963","","0.000000","","","","","","","","","","","","0.000000","0.000000","","","","","","","","","","","","",""
"62501900000795","Nodes","-286","21.000000","31.635177","Default Known Flow Node","Known Flow","257849.733418","619648.468387","","0.000000","","","","","","","","","","","","0.000000","0.000000","","","","","","","","","","","","",""
"62501900000286","Nodes","286","21.000000","31.672556","DDS demands","Known Flow","257844.617640","619646.080746","","0.000000","","","","","","-17.950000","","","","","","-16.051212","-17.950000","","","","","","","","D1 PROFILE","","","","",""
"62501900000560","Nodes","","21.000000","27.617232","DDS demands","Known Flow","257955.794069","619772.476927","","0.000000","","","","","","-9.479999","","","","","","-8.477185","-9.479999","","","","","","","","D1 PROFILE","","","","",""
"62501900000835","Nodes","","21.000000","44.221307","DDS demands","Known Flow","257739.377289","619738.805846","","0.000000","","","","","","-1.019999","","","","","","-0.912102","-1.019999","","","","","","","","D1 PROFILE","","","","",""
"62501900000828","Nodes","","21.000000","27.468339","DDS demands","Known Flow","257981.937383","619716.343517","","0.000000","","","","","","-1.429999","","","","","","-1.278731","-1.429999","","","","","","","","D1 PROFILE","","","","",""
"62501900000821","Nodes","","21.000000","30.406523","DDS demands","Known Flow","257899.706333","619727.561843","","0.000000","","-38.330002","","","","","","","","","","-34.275374","-38.330002","","","","C2 PROFILE","","","","","","","","",""
"62501900000314","Nodes","314","21.000000","27.157029","DDS demands","Known Flow","257993.959358","619691.084833","","0.000000","","","","","","-15.399999","","","","","","-13.770955","-15.399999","","","","","","","","D1 PROFILE","","","","",""
"62501900000827","Nodes","-3479774","21.000000","28.826700","Default Known Flow Node","Known Flow","257961.797878","619777.127478","","0.000000","","","","","","","","","","","","0.000000","0.000000","","","","","","","","","","","","",""
"62501900000288","Nodes","288","21.000000","44.199107","DDS demands","Known Flow","257734.120288","619736.435845","","0.000000","","","","","","-8.359999","","","","","","-7.475661","-8.359999","","","","","","","","D1 PROFILE","","","","",""
"62501900000834","Nodes","","21.000000","44.221188","DDS demands","Known Flow","257738.757289","619740.311847","","0.000000","","","","","","-1.019999","","","","","","-0.912102","-1.019999","","","","","","","","D1 PROFILE","","","","",""
"62501900000761","Nodes","-173873","21.000000","33.071970","Default Known Flow Node","Known Flow","256923.711067","620031.070926","","0.000000","","","","","","","","","","","","0.000000","0.000000","","","","","","","","","","","","",""
"62501900000760","Nodes","-173871","21.000000","33.071970","Default Known Flow Node","Known Flow","256915.711065","620047.445930","","0.000000","","","","","","","","","","","","0.000000","0.000000","","","","","","","","","","","","",""
"62501900000563","Nodes","-1517862","21.000000","33.071970","Default Known Flow Node","Known Flow","256922.211067","620033.195926","","0.000000","","","","","","","","","","","","0.000000","0.000000","","","","","","","","","","","","",""
"62501900001011","Nodes","1011","21.000000","30.869601","Default Known Flow Node","Known Flow","256806.430035","620241.017983","","0.000000","","","","","","","","","","","","0.000000","0.000000","","","","","","","","","","","","",""
"62501900000840","Nodes","","21.000000","27.399029","DDS demands","Known Flow","256911.336064","620218.945977","","0.000000","","-76.200000","","","","","","","","","","-68.139406","-76.200000","","","","C2 PROFILE","","","","","","","","",""
"62501900000791","Nodes","-2844841","21.000000","39.831441","Default Known Flow Node","Known Flow","256703.111007","620236.897982","","0.000000","","","","","","","","","","","","0.000000","0.000000","","","","","","","","","","","","",""
"62501900000548","Nodes","-1176731","21.000000","40.090814","Default Known Flow Node","Known Flow","256719.214011","620226.690979","","0.000000","","","","","","","","","","","","0.000000","0.000000","","","","","","","","","","","","",""
"62501900000792","Nodes","","21.000000","40.341598","DDS demands","Known Flow","256728.528014","620219.508977","","0.000000","-10.930000","","","","","","","","","","","-9.773801","-10.930000","","","C1 PROFILE","","","","","","","","","",""
"62501900000033","Nodes","33","21.000000","37.854113","DDS demands","Known Flow","256794.711032","620180.195966","","0.000000","-13.279999","-6.090000","","-4.449999","","-4.819999","","","","","","-25.610399","-28.639999","","","C1 PROFILE","C2 PROFILE","","C4 PROFILE","","D1 PROFILE","","","","",""
"62501900000549","Nodes","","21.000000","40.055891","DDS demands","Known Flow","256769.116025","620291.980997","","0.000000","","","","","","-5.530000","","","","","","-4.945025","-5.530000","","","","","","","","D1 PROFILE","","","","",""
"62501900000837","Nodes","-3573822","21.000000","33.409448","Default Known Flow Node","Known Flow","256838.461044","620202.570972","","0.000000","","","","","","","","","","","","0.000000","0.000000","","","","","","","","","","","","",""
"62501900000838","Nodes","","21.000000","33.409448","Default Known Flow Node","Known Flow","256865.586051","620212.695975","","0.000000","","","","","","","","","","","","0.000000","0.000000","","","","","","","","","","","","",""
"62501900000553","Nodes","-1207744","21.000000","28.278135","Default Known Flow Node","Known Flow","257422.574505","620307.152126","","0.000000","","","","","","","","","","","","0.000000","0.000000","","","","","","","","","","","","",""
"62501900000567","Nodes","-1593775","21.000000","26.814330","Default Known Flow Node","Known Flow","257025.086095","620199.320971","","0.000000","","","","","","","","","","","","0.000000","0.000000","","","","","","","","","","","","",""
"62501900000568","Nodes","-1593776","21.000000","26.780892","Default Known Flow Node","Known Flow","257025.336095","620211.820975","","0.000000","","","","","","","","","","","","0.000000","0.000000","","","","","","","","","","","","",""
"62501900000569","Nodes","-1593777","21.000000","26.815435","Default Known Flow Node","Known Flow","257040.836099","620197.195971","","0.000000","","","","","","","","","","","","0.000000","0.000000","","","","","","","","","","","","",""
"62501900000570","Nodes","-1593778","21.000000","26.791479","Default Known Flow Node","Known Flow","257044.086100","620209.570974","","0.000000","","","","","","","","","","","","0.000000","0.000000","","","","","","","","","","","","",""
"62501900000571","Nodes","-1593779","21.000000","26.818838","Default Known Flow Node","Known Flow","257074.336108","620195.820970","","0.000000","","","","","","","","","","","","0.000000","0.000000","","","","","","","","","","","","",""
"62501900000572","Nodes","-1593780","21.000000","26.820402","Default Known Flow Node","Known Flow","257090.086112","620193.570970","","0.000000","","","","","","","","","","","","0.000000","0.000000","","","","","","","","","","","","",""
"62501900000573","Nodes","-1593781","21.000000","26.817118","Default Known Flow Node","Known Flow","257090.711112","620206.070973","","0.000000","","","","","","","","","","","","0.000000","0.000000","","","","","","","","","","","","",""
"62501900000864","Nodes","","21.000000","30.193406","Default Known Flow Node","Known Flow","257124.112002","620142.257251","","0.000000","","","","","","","","","","","","0.000000","0.000000","","","","","","","","","","","","",""
"62501900000554","Nodes","-1207745","21.000000","28.028095","Default Known Flow Node","Known Flow","257428.836204","620312.946002","","0.000000","","","","","","","","","","","","0.000000","0.000000","","","","","","","","","","","","",""
"62501900001002","Nodes","1002","21.000000","31.306794","DDS demands","Known Flow","257044.085545","620153.170971","","0.000000","-13.220000","","","","","","","","","","","-11.821560","-13.220000","","","C1 PROFILE","","","","","","","","","",""
"62501900000863","Nodes","","21.000000","30.258276","Default Known Flow Node Sub","Known Flow","257128.966100","620140.207743","","0.000000","","","","","","","","","","","","0.000000","0.000000","","","","","","","","","","","","",""
"62501900000865","Nodes","","21.000000","31.306794","Default Known Flow Node","Known Flow","257044.086100","620158.570960","","0.000000","","","","","","","","","","","","0.000000","0.000000","","","","","","","","","","","","",""
"62501900000555","Nodes","Logger 10169, Adjacent to 10 Barrhill Terrace.","21.000000","27.073908","OPR","Known Flow","257583.768247","620320.554004","","0.000000","","","","","","","","","","","","0.000000","0.000000","","","","","","","","","","","","",""
"62501900000574","Nodes","-1623810","21.000000","40.737586","Default Known Flow Node","Known Flow","257526.919881","620051.715403","","0.000000","","","","","","","","","","","","0.000000","0.000000","","","","","","","","","","","","",""
"62501900000898","Nodes","","21.000000","59.553797","DDS demands","Known Flow","256415.210929","620895.821161","","0.000000","","","","","","-10.339999","","","","","","-9.246212","-10.339999","","","","","","","","D1 PROFILE","","","","",""
"62501900000575","Nodes","-1641893","21.000000","24.363620","Default Known Flow Node","Known Flow","256449.460938","620557.946069","","0.000000","","","","","","","","","","","","0.000000","0.000000","","","","","","","","","","","","",""
"62501900000576","Nodes","-1641894","21.000000","24.417404","Default Known Flow Node","Known Flow","256577.210973","620519.321059","","0.000000","","","","","","","","","","","","0.000000","0.000000","","","","","","","","","","","","",""
"62501900001021","Nodes","1021","21.000000","24.505323","DDS demands","Known Flow","256988.197963","620393.718154","","0.000000","","","","","","-3.780000","","","","","","-3.380143","-3.780000","","","","","","","","D1 PROFILE","","","","",""
"62501900001019","Nodes","1019","21.000000","36.645946","Default Known Flow Node","Known Flow","256806.173894","620340.273874","","0.000000","","","","","","","","","","","","0.000000","0.000000","","","","","","","","","","","","",""
"62501900000384","Nodes","384","21.000000","36.594937","DDS demands","Known Flow","256801.852034","620327.561006","","0.000000","","","","","","-8.270000","","","","","","-7.395182","-8.270000","","","","","","","","D1 PROFILE","","","","",""
"62501900001018","Nodes","1018","21.000000","28.894404","Default Known Flow Node","Known Flow","257084.706238","620279.103312","","0.000000","","","","","","","","","","","","0.000000","0.000000","","","","","","","","","","","","",""
"62501900000240","Nodes","P00081886/335350, Bank Glen CSEP, -9.70SCMH","22.999998","24.589820","CSEP DDS Matched","Known Flow","257220.299369","620421.391290","","0.000000","","","","","","-4.510000","-9.699999","","","","","-12.706836","-14.210000","","","","","","","","D1 PROFILE","DC PROFILE","","","",""
"62501900001022","Nodes","1022","21.000000","24.500317","Default Known Flow Node","Known Flow","257241.211153","620428.071034","","0.000000","","","","","","","","","","","","0.000000","0.000000","","","","","","","","","","","","",""
"62501900001023","Nodes","1023","21.000000","71.825703","DDS demands","Known Flow","256502.289952","620831.866144","","0.000000","","","","","","-3.440000","","","","","","-3.076109","-3.440000","","","","","","","","D1 PROFILE","","","","",""
"62501900000400","Nodes","P00096472/339547, Stepend Road CSEP, -48.83SCMH","22.999998","67.901039","CSEP DDS Matched","Known Flow","256545.077964","620848.534148","","0.000000","","","","","","","-48.799998","","","","","-43.637833","-48.799998","","","","","","","","","DC PROFILE","","","",""
"62501900000383","Nodes","383","21.000000","71.597966","DDS demands","Known Flow","256525.705959","620800.703135","","0.000000","","","","","","-2.829999","","","","","","-2.530636","-2.829999","","","","","","","","D1 PROFILE","","","","",""
"62501900000382","Nodes","STEPEND ROAD RRI,","21.000000","74.999996","Default Known Pressure Node","Known Pressure","256475.960945","620832.196144","","999998.967025","","","","","","","","","","","","51.963001","58.109997","","","","","","","","","","","","",""
"62501900000009","Nodes","","21.000000","34.036632","DDS demands","Known Flow","257351.675183","619116.159677","","0.000000","","","","","","-13.340000","","","","","","-11.928867","-13.340000","","","","","","","","D1 PROFILE","","","","",""
"62501900000002","Nodes","","21.000000","31.977246","Default Known Flow Node","Known Flow","257866.496190","618715.858079","","0.000000","","","","","","","","","","","","0.000000","0.000000","","","","","","","","","","","","",""
"62501900000010","Nodes","","21.000000","32.275662","Default Known Flow Node","Known Flow","257662.044268","618917.601623","","0.000000","","","","","","","","","","","","0.000000","0.000000","","","","","","","","","","","","",""
"62501900000015","Nodes","","21.000000","32.008505","DDS demands","Known Flow","257059.318743","619577.081487","","0.000000","","","","","","-1.399999","","","","","","-1.251905","-1.399999","","","","","","","","D1 PROFILE","","","","",""
"62501900000037","Nodes","","21.000000","27.501925","Default Known Flow Node","Known Flow","257282.238525","620289.903047","","0.000000","","","","","","","","","","","","0.000000","0.000000","","","","","","","","","","","","",""
"62501900000030","Nodes","","21.000000","29.037208","Default Known Flow Node","Known Flow","257290.497362","620300.425911","","0.000000","","","","","","","","","","","","0.000000","0.000000","","","","","","","","","","","","",""
"62501900000005","Nodes","","21.000000","32.355602","Default Known Flow Node","Known Flow","257924.055389","618729.616683","","0.000000","","","","","","","","","","","","0.000000","0.000000","","","","","","","","","","","","",""
"62501900000054","Nodes","","21.000000","39.448821","Default Known Flow Node","Known Flow","256700.322006","620259.104988","","0.000000","","","","","","","","","","","","0.000000","0.000000","","","","","","","","","","","","",""
"62501900000017","Nodes","","21.000000","37.291099","Default Known Flow Node","Known Flow","257774.645532","620109.631453","","0.000000","","","","","","","","","","","","0.000000","0.000000","","","","","","","","","","","","",""
"62501900000007","Nodes","","21.000000","31.656886","Default Known Flow Node","Known Flow","257934.015628","618673.974493","","0.000000","","","","","","","","","","","","0.000000","0.000000","","","","","","","","","","","","",""
"62501900000006","Nodes","","21.000000","31.638732","Default Known Flow Node","Known Flow","257935.519342","618670.609555","","0.000000","","","","","","","","","","","","0.000000","0.000000","","","","","","","","","","","","",""
"62501900000012","Nodes","","21.000000","32.200471","Default Known Flow Node","Known Flow","257693.195105","618935.779768","","0.000000","","","","","","","","","","","","0.000000","0.000000","","","","","","","","","","","","",""
"62501900000014","Nodes","","21.000000","32.008505","Default Known Flow Node","Known Flow","257058.488104","619578.169802","","0.000000","","","","","","","","","","","","0.000000","0.000000","","","","","","","","","","","","",""
"62501900000016","Nodes","","21.000000","32.049829","Default Known Flow Node","Known Flow","257049.244862","619540.232005","","0.000000","","","","","","","","","","","","0.000000","0.000000","","","","","","","","","","","","",""
"62501900000029","Nodes","","21.000000","36.752910","DDS demands","Known Flow","257838.267725","620119.960101","","0.000000","","-24.999999","","","","","","","","","","-22.355447","-24.999999","","","","C2 PROFILE","","","","","","","","",""
"62501900000018","Nodes","","21.000000","36.683384","DDS demands","Known Flow","257843.011317","620119.476950","","0.000000","","","","-16.670000","","","","","","","","-14.906612","-16.670000","","","","","","C4 PROFILE","","","","","","",""
"62501900000053","Nodes","P14134515, AYR ROAD CSEP, 10.15 SCMH","22.999998","32.728566","CSEP Unmatched","Known Flow","256773.689273","619924.027718","","0.000000","","","","","","","","","","","-10.150000","-9.076311","-10.150000","","","","","","","","","","","","","PL-DC PROFILE"
"62501900000061","Nodes","","21.000000","39.267091","Default Known Flow Node","Known Flow","256227.691653","620476.314583","","0.000000","","","","","","","","","","","","0.000000","0.000000","","","","","","","","","","","","",""
"62501900000064","Nodes","","21.000000","39.180210","Default Known Flow Node","Known Flow","256218.623590","620426.840903","","0.000000","","","","","","","","","","","","0.000000","0.000000","","","","","","","","","","","","",""
"62501900000062","Nodes","","21.000000","39.223648","Default Known Flow Node","Known Flow","256234.423879","620437.718036","","0.000000","","","","","","","","","","","","0.000000","0.000000","","","","","","","","","","","","",""
"62501900000059","Nodes","Logger 9723, 24 Auchinleck Road","0.000000","39.267950","Val Log Cath","Known Flow","256257.189773","620432.539610","","0.000000","","","","","","","","","","","","0.000000","0.000000","","","","","","","","","","","","",""
"62501900000001","Nodes","HOLMHEAD ROAD DG, TEL, CONSTANT SETTING, SITE ID 3256","21.000000","24.999999","Default Known Pressure Node","Known Pressure","256395.632200","620549.287984","","1982.400041","","","","","","","","","","","","368.122683","411.670016","","","","","","","","","","","","",""
"62501900000751","Nodes","NEW BRIDGE STREET/TANYARD DG, TEL, CLOCKED, SITE ID 3257","21.000000","43.000001","Default Known Pressure Node","Known Pressure","256679.836001","620110.945947","","999998.967025","","","","","","","","","","","","2212.492614","2474.220931","","","","","","","","","","","","",""
"62501900000944","Nodes","-9378","21.000000","49.831616","Default Known Flow Node","Known Flow","257769.084297","619621.293814","","0.000000","","","","","","","","","","","","0.000000","0.000000","","","","","","","","","","","","",""
"62501900000040","Nodes","","21.000000","33.925336","DDS demands","Known Flow","256316.537296","619901.074941","","0.000000","","","","-2.990000","","-1.370000","","","-6.000000","","","-9.264097","-10.360000","","","","","","C4 PROFILE","","D1 PROFILE","","","I2 PROFILE","",""
"62501900000045","Nodes","","21.000000","33.831695","Default Known Flow Node","Known Flow","256319.335186","619892.029027","","0.000000","","","","","","","","","","","","0.000000","0.000000","","","","","","","","","","","","",""
"62501900000085","Nodes","","21.000000","31.027481","Default Known Flow Node","Known Flow","256957.357404","619609.134694","","0.000000","","","","","","","","","","","","0.000000","0.000000","","","","","","","","","","","","",""
"62501900000822","Nodes","","21.000000","27.910801","Default Known Flow Node","Known Flow","257267.637384","619511.182075","","0.000000","","","","","","","","","","","","0.000000","0.000000","","","","","","","","","","","","",""
"62501900000103","Nodes","","21.000000","33.900298","Default Known Flow Node","Known Flow","256291.110997","619915.347790","","0.000000","","","","","","","","","","","","0.000000","0.000000","","","","","","","","","","","","",""
"62501900000097","Nodes","","21.000000","33.896022","Default Known Flow Node","Known Flow","256321.855220","619876.857512","","0.000000","","","","","","","","","","","","0.000000","0.000000","","","","","","","","","","","","",""
"62501900000098","Nodes","","21.000000","33.904391","Default Known Flow Node","Known Flow","256324.619016","619876.758377","","0.000000","","","","","","","","","","","","0.000000","0.000000","","","","","","","","","","","","",""
"62501900000100","Nodes","","21.000000","33.908026","Default Known Flow Node","Known Flow","256286.431022","619901.546005","","0.000000","","","","","","","","","","","","0.000000","0.000000","","","","","","","","","","","","",""
"62501900000087","Nodes","","21.000000","33.540569","Default Known Flow Node","Known Flow","256396.682274","619989.353580","","0.000000","","","","","","","","","","","","0.000000","0.000000","","","","","","","","","","","","",""
"62501900000041","Nodes","","21.000000","34.048599","DDS demands","Known Flow","256390.518922","619952.600904","","0.000000","","-9.450000","","","","","","","","","","-8.450359","-9.450000","","","","C2 PROFILE","","","","","","","","",""
"62501900000086","Nodes","","21.000000","33.821636","Default Known Flow Node","Known Flow","256387.228059","619988.508919","","0.000000","","","","","","","","","","","","0.000000","0.000000","","","","","","","","","","","","",""
"62501900000088","Nodes","","21.000000","32.423751","DDS demands","Known Flow","256386.625819","620096.068234","","0.000000","","","","","","-0.720000","","","","","","-0.643836","-0.720000","","","","","","","","D1 PROFILE","","","","",""
"62501900001032","Nodes","","0.000000","28.821830","Default Known Flow Node","Known Flow","256622.576710","619323.953556","","0.000000","","","","","","","","","","","","0.000000","0.000000","","","","","","","","","","","","",""
"62501900001034","Nodes","","0.000000","28.440427","Default Known Flow Node","Known Flow","256575.743957","619397.264743","","0.000000","","","","","","","","","","","","0.000000","0.000000","","","","","","","","","","","","",""
"62501900001033","Nodes","","0.000000","28.821830","Default Known Flow Node","Known Flow","256615.264983","619292.460725","","0.000000","","","","","","","","","","","","0.000000","0.000000","","","","","","","","","","","","",""
"62501900001038","Nodes","","0.000000","28.745094","Default Known Flow Node","Known Flow","256599.881470","619359.063421","","0.000000","","","","","","","","","","","","0.000000","0.000000","","","","","","","","","","","","",""
"62501900001035","Nodes","","0.000000","28.573288","Default Known Flow Node","Known Flow","256570.204971","619393.467752","","0.000000","","","","","","","","","","","","0.000000","0.000000","","","","","","","","","","","","",""
"62501900001036","Nodes","","0.000000","28.617588","Default Known Flow Node","Known Flow","256580.571974","619363.575744","","0.000000","","","","","","","","","","","","0.000000","0.000000","","","","","","","","","","","","",""
"62501900001037","Nodes","","0.000000","28.745094","Default Known Flow Node","Known Flow","256588.560976","619352.191741","","0.000000","","","","","","","","","","","","0.000000","0.000000","","","","","","","","","","","","",""
"62501900001039","Nodes","","0.000000","28.745094","Default Known Flow Node","Known Flow","256598.517979","619337.740737","","0.000000","","","","","","","","","","","","0.000000","0.000000","","","","","","","","","","","","",""
"62501900001040","Nodes","","0.000000","33.909919","Default Known Flow Node","Known Flow","256326.444905","619876.692884","","0.000000","","","","","","","","","","","","0.000000","0.000000","","","","","","","","","","","","",""
"62501900001042","Nodes","","0.000000","33.912945","Default Known Flow Node","Known Flow","256326.420905","619877.692884","","0.000000","","","","","","","","","","","","0.000000","0.000000","","","","","","","","","","","","",""
"62501900001041","Nodes","","0.000000","33.891771","Default Known Flow Node","Known Flow","256320.450903","619876.907884","","0.000000","","","","","","","","","","","","0.000000","0.000000","","","","","","","","","","","","",""
"62501900001045","Nodes","","0.000000","33.808533","Default Known Flow Node","Known Flow","256319.451903","619876.943884","","0.000000","","","","","","","","","","","","0.000000","0.000000","","","","","","","","","","","","",""
"62501900001046","Nodes","","0.000000","34.107944","Default Known Flow Node","Known Flow","256341.455909","619898.986890","","0.000000","","","","","","","","","","","","0.000000","0.000000","","","","","","","","","","","","",""
"62501900001074","Nodes","","21.000000","32.682300","DDS demands","Known Flow","257064.680105","619469.452773","","0.000000","","","","","","-5.749999","","","","","","-5.141752","-5.749999","","","","","","","","D1 PROFILE","","","","",""
"62501900001087","Nodes","","21.000000","31.863712","DDS demands","Known Flow","257064.634105","619412.593757","","0.000000","","","","","","-3.039999","","","","","","-2.718422","-3.039999","","","","","","","","D1 PROFILE","","","","",""
"62501900001075","Nodes","","0.000000","45.902095","Default Known Flow Node","Known Flow","257604.565355","619783.084963","","0.000000","","","","","","","","","","","","0.000000","0.000000","","","","","","","","","","","","",""
"62501900001100","Nodes","","21.000000","32.452321","Default Known Flow Node","Known Flow","257046.210744","619434.134369","","0.000000","","","","","","","","","","","","0.000000","0.000000","","","","","","","","","","","","",""
"62501900001101","Nodes","","21.000000","32.061846","Default Known Flow Node","Known Flow","257061.923105","619401.823754","","0.000000","","","","","","","","","","","","0.000000","0.000000","","","","","","","","","","","","",""
"62501900001102","Nodes","","21.000000","33.034275","DDS demands","Known Flow","257088.973112","619511.956784","","0.000000","","","","","","-6.329999","","","","","","-5.660399","-6.329999","","","","","","","","D1 PROFILE","","","","",""
"62501900001098","Nodes","","0.000000","36.633428","Default Known Flow Node","Known Flow","256651.695993","619925.610897","","0.000000","","","","","","","","","","","","0.000000","0.000000","","","","","","","","","","","","",""
"62501900001113","Nodes","","0.000000","39.191195","Default Known Flow Node","Known Flow","256230.985879","620483.883049","","0.000000","","","","","","","","","","","","0.000000","0.000000","","","","","","","","","","","","",""
"62501900001114","Nodes","","0.000000","39.267091","Default Known Flow Node","Known Flow","256229.524878","620477.533047","","0.000000","","","","","","","","","","","","0.000000","0.000000","","","","","","","","","","","","",""
"62501900001115","Nodes","","21.000000","33.013963","DDS demands","Known Flow","257119.086120","619508.104783","","0.000000","","","","","","-2.269999","","","","","","-2.029874","-2.269999","","","","","","","","D1 PROFILE","","","","",""
"62501900001196","Nodes","","0.000000","39.270231","Default Known Flow Node","Known Flow","256309.030622","620346.210360","","0.000000","","","","","","","","","","","","0.000000","0.000000","","","","","","","","","","","","",""
"62501900001119","Nodes","","0.000000","24.391968","Default Known Flow Node","Known Flow","256390.230922","620592.196078","","0.000000","","","","","","","","","","","","0.000000","0.000000","","","","","","","","","","","","",""
"62501900001120","Nodes","","0.000000","24.404858","Default Known Flow Node","Known Flow","256388.191921","620589.005077","","0.000000","","","","","","","","","","","","0.000000","0.000000","","","","","","","","","","","","",""
"62501900001131","Nodes","","0.000000","23.135521","Default Known Flow Node","Known Flow","256199.974870","620694.269106","","0.000000","","","","","","","","","","","","0.000000","0.000000","","","","","","","","","","","","",""
"62501900001134","Nodes","","0.000000","39.190591","Default Known Flow Node","Known Flow","256322.831976","620322.482110","","0.000000","","","","","","","","","","","","0.000000","0.000000","","","","","","","","","","","","",""
"62501900001116","Nodes","","21.000000","33.157123","DDS demands","Known Flow","257126.872122","619466.374772","","0.000000","","","","","","-1.379999","","","","","","-1.234020","-1.379999","","","","","","","","D1 PROFILE","","","","",""
"62501900001133","Nodes","","0.000000","39.191306","Default Known Flow Node","Known Flow","256320.913398","620321.469419","","0.000000","","","","","","","","","","","","0.000000","0.000000","","","","","","","","","","","","",""
"62501900001136","Nodes","","0.000000","24.214460","Default Known Flow Node","Known Flow","256372.647917","620584.824076","","0.000000","","","","","","","","","","","","0.000000","0.000000","","","","","","","","","","","","",""
"62501900001137","Nodes","","0.000000","24.336842","Default Known Flow Node","Known Flow","256414.911929","620606.841082","","0.000000","","","","","","","","","","","","0.000000","0.000000","","","","","","","","","","","","",""
"62501900001138","Nodes","","0.000000","24.334452","Default Known Flow Node","Known Flow","256414.485928","620604.876082","","0.000000","","","","","","","","","","","","0.000000","0.000000","","","","","","","","","","","","",""
"62501900001142","Nodes","","0.000000","24.499352","DDS demands","Known Flow","256447.923938","620627.371088","","0.000000","","","","","","-2.130000","","","","","","-1.904684","-2.130000","","","","","","","","D1 PROFILE","","","","",""
"62501900001143","Nodes","","0.000000","24.459706","Default Known Flow Node","Known Flow","256445.514937","620625.184087","","0.000000","","","","","","","","","","","","0.000000","0.000000","","","","","","","","","","","","",""
"62501900001147","Nodes","","0.000000","68.424778","DDS demands","Known Flow","256539.078962","620845.816147","","0.000000","","","","","","-3.039999","","","","","","-2.718422","-3.039999","","","","","","","","D1 PROFILE","","","","",""
"62501900001155","Nodes","","0.000000","39.180210","Default Known Flow Node","Known Flow","256219.467875","620425.313033","","0.000000","","","","","","","","","","","","0.000000","0.000000","","","","","","","","","","","","",""
"62501900001157","Nodes","","0.000000","24.303149","DDS demands","Known Flow","256371.594917","620575.030074","","0.000000","","","","","","-1.019999","","","","","","-0.912102","-1.019999","","","","","","","","D1 PROFILE","","","","",""
"62501900001158","Nodes","","0.000000","24.361349","Default Known Flow Node","Known Flow","256373.403917","620571.832073","","0.000000","","","","","","","","","","","","0.000000","0.000000","","","","","","","","","","","","",""
"62501900001161","Nodes","","0.000000","24.738801","Default Known Flow Node","Known Flow","256384.504920","620552.419068","","0.000000","","","","","","","","","","","","0.000000","0.000000","","","","","","","","","","","","",""
"62501900001187","Nodes","","0.000000","24.917692","Default Known Flow Node","Known Flow","256391.361953","620547.442780","","0.000000","","","","","","","","","","","","0.000000","0.000000","","","","","","","","","","","","",""
"62501900001169","Nodes","","0.000000","39.223648","Default Known Flow Node","Known Flow","256226.057252","620474.258543","","0.000000","","","","","","","","","","","","0.000000","0.000000","","","","","","","","","","","","",""
"62501900001197","Nodes","","0.000000","33.887478","Default Known Flow Node","Known Flow","256289.572338","619903.947721","","0.000000","","","","","","","","","","","","0.000000","0.000000","","","","","","","","","","","","",""
"62501900001175","Nodes","","0.000000","24.198948","Default Known Flow Node","Known Flow","256296.579960","620537.546952","","0.000000","","","","","","","","","","","","0.000000","0.000000","","","","","","","","","","","","",""
"62501900001173","Nodes","","0.000000","24.198948","Default Known Flow Node","Known Flow","256292.673895","620535.313063","","0.000000","","","","","","","","","","","","0.000000","0.000000","","","","","","","","","","","","",""
"62501900001179","Nodes","","0.000000","39.269594","Default Known Flow Node","Known Flow","256306.276609","620344.697780","","0.000000","","","","","","","","","","","","0.000000","0.000000","","","","","","","","","","","","",""
"62501900001181","Nodes","","21.000000","33.211363","Default Known Flow Node","Known Flow","257130.526833","619453.421261","","0.000000","","","","","","","","","","","","0.000000","0.000000","","","","","","","","","","","","",""
"62501900001180","Nodes","","21.000000","31.966053","DDS demands","Known Flow","257061.724105","619412.471757","","0.000000","","","","","","-2.059999","","","","","","-1.842088","-2.059999","","","","","","","","D1 PROFILE","","","","",""
"62501900001186","Nodes","","0.000000","24.334824","Default Known Flow Node","Known Flow","256369.392785","620578.889373","","0.000000","","","","","","","","","","","","0.000000","0.000000","","","","","","","","","","","","",""
"62501900001191","Nodes","","0.000000","24.723822","Default Known Flow Node","Known Flow","256583.284974","620738.720118","","0.000000","","","","","","","","","","","","0.000000","0.000000","","","","","","","","","","","","",""
"62501900001195","Nodes","","0.000000","39.136780","Default Known Flow Node","Known Flow","256223.261876","620418.224031","","0.000000","","","","","","","","","","","","0.000000","0.000000","","","","","","","","","","","","",""
"62501900001198","Nodes","","21.000000","31.957742","DDS demands","Known Flow","257095.622114","619382.988749","","0.000000","","","","","","-3.140000","","","","","","-2.807844","-3.140000","","","","","","","","D1 PROFILE","","","","",""
"62501900001541","Nodes","","0.000000","25.009987","DDS demands","Known Flow","256677.373056","620798.555257","","0.000000","","","","","","-1.019999","","","","","","-0.912102","-1.019999","","","","","","","","D1 PROFILE","","","","",""
"62501900001236","Nodes","","0.000000","31.935367","Default Known Flow Node","Known Flow","257008.092090","619360.858743","","0.000000","","","","","","","","","","","","0.000000","0.000000","","","","","","","","","","","","",""
"62501900001260","Nodes","","21.000000","32.525792","Default Known Flow Node","Known Flow","257080.724110","619439.891765","","0.000000","","","","","","","","","","","","0.000000","0.000000","","","","","","","","","","","","",""
"62501900001317","Nodes","","0.000000","31.110117","Default Known Flow Node","Known Flow","256822.207039","619295.637726","","0.000000","","","","","","","","","","","","0.000000","0.000000","","","","","","","","","","","","",""
"62501900001337","Nodes","","0.000000","30.226794","Default Known Flow Node","Known Flow","256949.727519","619598.736386","","0.000000","","","","","","","","","","","","0.000000","0.000000","","","","","","","","","","","","",""
"62501900001282","Nodes","","0.000000","29.387841","Default Known Flow Node","Known Flow","256919.508066","619340.858738","","0.000000","","","","","","","","","","","","0.000000","0.000000","","","","","","","","","","","","",""
"62501900001297","Nodes","","0.000000","28.784117","DDS demands","Known Flow","257187.574139","619651.461822","","0.000000","","","","","","-12.270000","","","","","","-10.972053","-12.270000","","","","","","","","D1 PROFILE","","","","",""
"62501900001232","Nodes","","0.000000","29.028216","Default Known Flow Node","Known Flow","256902.338061","619463.548771","","0.000000","","","","","","","","","","","","0.000000","0.000000","","","","","","","","","","","","",""
"62501900001319","Nodes","","21.000000","32.487994","DDS demands","Known Flow","257049.254101","619439.941765","","0.000000","","","","","","-2.630000","","","","","","-2.351793","-2.630000","","","","","","","","D1 PROFILE","","","","",""
"62501900001331","Nodes","","0.000000","27.810227","Default Known Flow Node","Known Flow","257273.407162","619513.953785","","0.000000","","","","","","","","","","","","0.000000","0.000000","","","","","","","","","","","","",""
"62501900001708","Nodes","","0.000000","27.810227","Default Known Flow Node","Known Flow","257272.046865","619513.300320","","0.000000","","","","","","","","","","","","0.000000","0.000000","","","","","","","","","","","","",""
"62501900001350","Nodes","","0.000000","28.785072","DDS demands","Known Flow","257187.222139","619652.550823","","0.000000","","","","","","-10.119999","","","","","","-9.049484","-10.119999","","","","","","","","D1 PROFILE","","","","",""
"62501900001352","Nodes","","0.000000","37.436410","Default Known Flow Node","Known Flow","256673.003999","619950.745904","","0.000000","","","","","","","","","","","","0.000000","0.000000","","","","","","","","","","","","",""
"62501900001487","Nodes","","0.000000","37.285033","Default Known Flow Node","Known Flow","256662.916676","619947.014888","","0.000000","","","","","","","","","","","","0.000000","0.000000","","","","","","","","","","","","",""
"62501900001354","Nodes","","0.000000","38.343126","Default Known Flow Node","Known Flow","256690.850004","620025.518924","","0.000000","","","","","","","","","","","","0.000000","0.000000","","","","","","","","","","","","",""
"62501900001355","Nodes","","0.000000","38.343126","Default Known Flow Node","Known Flow","256698.099006","620032.316926","","0.000000","","","","","","","","","","","","0.000000","0.000000","","","","","","","","","","","","",""
"62501900001371","Nodes","","0.000000","30.823362","Default Known Flow Node","Known Flow","257195.781141","619786.106859","","0.000000","","","","","","","","","","","","0.000000","0.000000","","","","","","","","","","","","",""
"62501900001372","Nodes","","0.000000","30.814916","Default Known Flow Node","Known Flow","257197.495142","619785.016859","","0.000000","","","","","","","","","","","","0.000000","0.000000","","","","","","","","","","","","",""
"62501900001373","Nodes","","0.000000","30.706645","Default Known Flow Node","Known Flow","257199.616142","619785.910859","","0.000000","","","","","","","","","","","","0.000000","0.000000","","","","","","","","","","","","",""
"62501900001792","Nodes","","0.000000","28.137057","DDS demands","Known Flow","257265.846842","619743.390026","","0.000000","","","","","","-15.810000","","","","","","-14.137584","-15.810000","","","","","","","","D1 PROFILE","","","","",""
"62501900001385","Nodes","","0.000000","37.436410","Default Known Flow Node","Known Flow","256672.968999","619947.739903","","0.000000","","","","","","","","","","","","0.000000","0.000000","","","","","","","","","","","","",""
"62501900001394","Nodes","","0.000000","39.792162","Default Known Flow Node","Known Flow","256702.751007","620239.296982","","0.000000","","","","","","","","","","","","0.000000","0.000000","","","","","","","","","","","","",""
"62501900001474","Nodes","","0.000000","33.169281","DDS demands","Known Flow","257031.988543","619818.034080","","0.000000","","","","","","-2.009999","","","","","","-1.797377","-2.009999","","","","","","","","D1 PROFILE","","","","",""
"62501900001416","Nodes","","0.000000","36.872002","Default Known Flow Node","Known Flow","256663.163996","619924.874897","","0.000000","","","","","","","","","","","","0.000000","0.000000","","","","","","","","","","","","",""
"62501900001444","Nodes","","21.000000","32.051562","Default Known Flow Node","Known Flow","257064.402105","619401.694754","","0.000000","","","","","","","","","","","","0.000000","0.000000","","","","","","","","","","","","",""
"62501900001452","Nodes","","21.000000","32.524765","Default Known Flow Node","Known Flow","257086.232111","619439.644765","","0.000000","","","","","","","","","","","","0.000000","0.000000","","","","","","","","","","","","",""
"62501900001539","Nodes","","0.000000","32.061844","Default Known Flow Node","Known Flow","256850.717372","620333.081068","","0.000000","","","","","","","","","","","","0.000000","0.000000","","","","","","","","","","","","",""
"62501900001472","Nodes","","0.000000","33.996111","Default Known Flow Node","Known Flow","256824.251652","620154.538362","","0.000000","","","","","","","","","","","","0.000000","0.000000","","","","","","","","","","","","",""
"62501900001473","Nodes","","0.000000","34.083701","Default Known Flow Node","Known Flow","256827.471041","620153.444959","","0.000000","","","","","","","","","","","","0.000000","0.000000","","","","","","","","","","","","",""
"62501900001475","Nodes","","0.000000","33.143512","DDS demands","Known Flow","257046.404100","619825.028870","","0.000000","","","","-4.929999","","","","","","","","-4.408494","-4.929999","","","","","","C4 PROFILE","","","","","","",""
"62501900001503","Nodes","","0.000000","32.907757","DDS demands","Known Flow","256908.084063","619988.583914","","0.000000","","","-17.440000","","","","","","","","","-15.595160","-17.440000","","","","","C3 PROFILE","","","","","","","",""
"62501900001504","Nodes","","0.000000","33.546517","Default Known Flow Node","Known Flow","256929.593069","620004.954919","","0.000000","","","","","","","","","","","","0.000000","0.000000","","","","","","","","","","","","",""
"62501900001538","Nodes","","0.000000","36.273818","Default Known Flow Node","Known Flow","256741.729018","620395.235025","","0.000000","","","","","","","","","","","","0.000000","0.000000","","","","","","","","","","","","",""
"62501900001515","Nodes","","0.000000","24.627910","DDS demands","Known Flow","257038.461098","620395.796025","","0.000000","","","","","","-1.779999","","","","","","-1.591707","-1.779999","","","","","","","","D1 PROFILE","","","","",""
"62501900001519","Nodes","","0.000000","29.104036","Default Known Flow Node","Known Flow","257156.168130","620295.055997","","0.000000","","","","","","","","","","","","0.000000","0.000000","","","","","","","","","","","","",""
"62501900001520","Nodes","","0.000000","29.104036","Default Known Flow Node","Known Flow","257153.503130","620323.879005","","0.000000","","","","","","","","","","","","0.000000","0.000000","","","","","","","","","","","","",""
"62501900001528","Nodes","","21.000000","33.016024","DDS demands","Known Flow","257115.085119","619508.355783","","0.000000","","","","","","-0.720000","","","","","","-0.643836","-0.720000","","","","","","","","D1 PROFILE","","","","",""
"62501900001529","Nodes","","0.000000","25.006511","DDS demands","Known Flow","257012.436091","620848.415148","","0.000000","","","","","","-2.829999","","","","","","-2.530636","-2.829999","","","","","","","","D1 PROFILE","","","","",""
"62501900001530","Nodes","","0.000000","37.274381","Default Known Flow Node","Known Flow","256740.385017","620373.398019","","0.000000","","","","","","","","","","","","0.000000","0.000000","","","","","","","","","","","","",""
"62501900001534","Nodes","","0.000000","33.468250","Default Known Flow Node","Known Flow","256909.199063","620430.098034","","0.000000","","","","","","","","","","","","0.000000","0.000000","","","","","","","","","","","","",""
"62501900001535","Nodes","","0.000000","33.336712","Default Known Flow Node","Known Flow","256966.339079","620481.038048","","0.000000","","","","","","","","","","","","0.000000","0.000000","","","","","","","","","","","","",""
"62501900001542","Nodes","","21.000000","25.009706","DDS demands","Known Flow","256683.461002","620798.946135","","0.000000","","","","","","-10.320000","","","","","","-9.228329","-10.320000","","","","","","","","D1 PROFILE","","","","",""
"62501900001547","Nodes","","0.000000","24.972343","Default Known Flow Node","Known Flow","257093.743113","620403.714027","","0.000000","","","","","","","","","","","","0.000000","0.000000","","","","","","","","","","","","",""
"62501900001548","Nodes","","0.000000","29.005531","Default Known Flow Node","Known Flow","257269.768161","620289.334996","","0.000000","","","","","","","","","","","","0.000000","0.000000","","","","","","","","","","","","",""
"62501900001549","Nodes","","0.000000","29.131778","Default Known Flow Node","Known Flow","257280.436164","620299.710999","","0.000000","","","","","","","","","","","","0.000000","0.000000","","","","","","","","","","","","",""
"62501900001551","Nodes","","21.000000","25.369589","Default Known Flow Node","Known Flow","257111.211118","620395.821025","","0.000000","","","","","","","","","","","","0.000000","0.000000","","","","","","","","","","","","",""
"62501900001553","Nodes","","0.000000","31.701389","Default Known Flow Node","Known Flow","257505.316225","618691.140561","","0.000000","","","","","","","","","","","","0.000000","0.000000","","","","","","","","","","","","",""
"62501900001555","Nodes","","0.000000","31.354749","Default Known Flow Node","Known Flow","257661.243268","618734.822573","","0.000000","","","","","","","","","","","","0.000000","0.000000","","","","","","","","","","","","",""
"62501900001557","Nodes","","0.000000","32.187152","Default Known Flow Node","Known Flow","257644.110263","618932.220627","","0.000000","","","","","","","","","","","","0.000000","0.000000","","","","","","","","","","","","",""
"62501900001562","Nodes","","0.000000","31.701389","Default Known Flow Node","Known Flow","257502.732225","618701.743564","","0.000000","","","","","","","","","","","","0.000000","0.000000","","","","","","","","","","","","",""
"62501900001571","Nodes","","0.000000","31.487920","Default Known Flow Node","Known Flow","257680.678273","618739.796574","","0.000000","","","","","","","","","","","","0.000000","0.000000","","","","","","","","","","","","",""
"62501900001572","Nodes","","0.000000","31.487920","Default Known Flow Node","Known Flow","257717.172283","618755.474579","","0.000000","","","","","","","","","","","","0.000000","0.000000","","","","","","","","","","","","",""
"62501900001573","Nodes","","0.000000","34.749112","DDS demands","Known Flow","256629.835987","619952.695904","","0.000000","-28.309999","","","","","","","","","","","-25.315308","-28.309999","","","C1 PROFILE","","","","","","","","","",""
"62501900001574","Nodes","","0.000000","32.255406","Default Known Flow Node","Known Flow","257029.413096","619402.080755","","0.000000","","","","","","","","","","","","0.000000","0.000000","","","","","","","","","","","","",""
"62501900001665","Nodes","","21.000000","32.524765","Default Known Flow Node","Known Flow","257083.859680","619439.751154","","0.000000","","","","","","","","","","","","0.000000","0.000000","","","","","","","","","","","","",""
"62501900001587","Nodes","","21.000000","31.958775","DDS demands","Known Flow","257080.071110","619461.159771","","0.000000","","","","","","-4.439999","","","","","","-3.970327","-4.439999","","","","","","","","D1 PROFILE","","","","",""
"62501900001597","Nodes","","0.000000","31.723318","Default Known Flow Node","Known Flow","257779.863300","618689.729561","","0.000000","","","","","","","","","","","","0.000000","0.000000","","","","","","","","","","","","",""
"62501900001598","Nodes","","0.000000","31.723318","Default Known Flow Node","Known Flow","257780.018300","618702.446564","","0.000000","","","","","","","","","","","","0.000000","0.000000","","","","","","","","","","","","",""
"62501900001623","Nodes","","0.000000","31.487920","Default Known Flow Node","Known Flow","257734.042288","618780.362585","","0.000000","","","","","","","","","","","","0.000000","0.000000","","","","","","","","","","","","",""
"62501900001636","Nodes","","21.000000","32.482218","DDS demands","Known Flow","257080.312110","619449.553767","","0.000000","","","","","","-1.440000","","","","","","-1.287673","-1.440000","","","","","","","","D1 PROFILE","","","","",""
"62501900001622","Nodes","","0.000000","31.340768","Default Known Flow Node","Known Flow","257686.779275","618653.217551","","0.000000","","","","","","","","","","","","0.000000","0.000000","","","","","","","","","","","","",""
"62501900001641","Nodes","","0.000000","32.025106","Default Known Flow Node","Known Flow","257858.850321","618779.975585","","0.000000","","","","","","","","","","","","0.000000","0.000000","","","","","","","","","","","","",""
"62501900001642","Nodes","","0.000000","32.025106","Default Known Flow Node","Known Flow","257840.253316","618757.658579","","0.000000","","","","","","","","","","","","0.000000","0.000000","","","","","","","","","","","","",""
"62501900001625","Nodes","","0.000000","23.549010","Default Known Flow Node","Known Flow","257401.269197","618915.743622","","0.000000","","","","","","","","","","","","0.000000","0.000000","","","","","","","","","","","","",""
"62501900001651","Nodes","","0.000000","30.978454","Default Known Flow Node","Known Flow","257639.106803","618634.467658","","0.000000","","","","","","","","","","","","0.000000","0.000000","","","","","","","","","","","","",""
"62501900001652","Nodes","","0.000000","30.978454","Default Known Flow Node","Known Flow","257634.103260","618643.260548","","0.000000","","","","","","","","","","","","0.000000","0.000000","","","","","","","","","","","","",""
"62501900001594","Nodes","","0.000000","31.487920","Default Known Flow Node","Known Flow","257679.991273","618742.195575","","0.000000","","","","","","","","","","","","0.000000","0.000000","","","","","","","","","","","","",""
"62501900001656","Nodes","","0.000000","32.207360","Default Known Flow Node","Known Flow","257690.354820","618934.088830","","0.000000","","","","","","","","","","","","0.000000","0.000000","","","","","","","","","","","","",""
"62501900001657","Nodes","","0.000000","32.118840","Default Known Flow Node","Known Flow","257669.097270","618947.652631","","0.000000","","","","","","","","","","","","0.000000","0.000000","","","","","","","","","","","","",""
"62501900001663","Nodes","","0.000000","22.558416","Default Known Flow Node","Known Flow","257472.774216","618872.470610","","0.000000","","","","","","","","","","","","0.000000","0.000000","","","","","","","","","","","","",""
"62501900001664","Nodes","","0.000000","22.489745","Default Known Flow Node","Known Flow","257469.266215","618836.063600","","0.000000","","","","","","","","","","","","0.000000","0.000000","","","","","","","","","","","","",""
"62501900001582","Nodes","","0.000000","22.537568","Default Known Flow Node","Known Flow","257499.711224","618868.230609","","0.000000","","","","","","","","","","","","0.000000","0.000000","","","","","","","","","","","","",""
"62501900001666","Nodes","","21.000000","32.427361","DDS demands","Known Flow","257083.831111","619449.761767","","0.000000","","","","","","-2.160000","","","","","","-1.931510","-2.160000","","","","","","","","D1 PROFILE","","","","",""
"62501900001669","Nodes","","0.000000","27.910801","Default Known Flow Node","Known Flow","257265.211160","619518.141786","","0.000000","","","","","","","","","","","","0.000000","0.000000","","","","","","","","","","","","",""
"62501900001670","Nodes","","0.000000","47.721528","Default Known Flow Node","Known Flow","257628.519259","619674.923829","","0.000000","","","","","","","","","","","","0.000000","0.000000","","","","","","","","","","","","",""
"62501900001681","Nodes","","0.000000","33.505066","DDS demands","Known Flow","257439.476207","619189.720697","","0.000000","","","","","","-4.179999","","","","","","-3.737830","-4.179999","","","","","","","","D1 PROFILE","","","","",""
"62501900001682","Nodes","","0.000000","32.810811","DDS demands","Known Flow","257425.256204","619199.528699","","0.000000","","","","","","-5.019999","","","","","","-4.488973","-5.019999","","","","","","","","D1 PROFILE","","","","",""
"62501900001695","Nodes","","21.000000","32.553649","DDS demands","Known Flow","257118.914120","619521.814787","","0.000000","","","","","","-3.589999","","","","","","-3.210242","-3.589999","","","","","","","","D1 PROFILE","","","","",""
"62501900001709","Nodes","","0.000000","34.017615","DDS demands","Known Flow","257344.799977","619124.744484","","0.000000","","","","","","-1.890000","","","","","","-1.690071","-1.890000","","","","","","","","D1 PROFILE","","","","",""
"62501900001698","Nodes","","0.000000","33.926690","Default Known Flow Node","Known Flow","257345.254182","619127.415680","","0.000000","","","","","","","","","","","","0.000000","0.000000","","","","","","","","","","","","",""
"62501900001374","Nodes","","0.000000","27.375499","Default Known Flow Node","Known Flow","257328.005177","619690.587833","","0.000000","","","","","","","","","","","","0.000000","0.000000","","","","","","","","","","","","",""
"62501900001701","Nodes","","0.000000","26.379508","DDS demands","Known Flow","257304.820171","619567.914800","","0.000000","","","","","","-11.750000","","","","","","-10.507060","-11.750000","","","","","","","","D1 PROFILE","","","","",""
"62501900001710","Nodes","","0.000000","33.929680","Default Known Flow Node","Known Flow","257346.415182","619126.004679","","0.000000","","","","","","","","","","","","0.000000","0.000000","","","","","","","","","","","","",""
"62501900001721","Nodes","","0.000000","41.284348","Default Known Flow Node","Known Flow","257732.528287","619888.585887","","0.000000","","","","","","","","","","","","0.000000","0.000000","","","","","","","","","","","","",""
"62501900001759","Nodes","","0.000000","28.112921","DDS demands","Known Flow","257264.054160","619740.556847","","0.000000","","","","","","-0.769999","","","","","","-0.688547","-0.769999","","","","","","","","D1 PROFILE","","","","",""
"62501900001760","Nodes","","0.000000","28.074281","DDS demands","Known Flow","257255.347157","619727.285843","","0.000000","","","","","","-1.070000","","","","","","-0.956813","-1.070000","","","","","","","","D1 PROFILE","","","","",""
"62501900001769","Nodes","","0.000000","39.984318","Default Known Flow Node","Known Flow","257580.699246","620015.937922","","0.000000","","","","","","","","","","","","0.000000","0.000000","","","","","","","","","","","","",""
"62501900001993","Nodes","","0.000000","32.058030","Default Known Flow Node","Known Flow","257880.978350","619904.864629","","0.000000","","","","","","","","","","","","0.000000","0.000000","","","","","","","","","","","","",""
"62501900001826","Nodes","","0.000000","27.402390","DDS demands","Known Flow","257327.416040","619692.820797","","0.000000","","","","","","-0.529999","","","","","","-0.473935","-0.529999","","","","","","","","D1 PROFILE","","","","",""
"62501900001830","Nodes","","0.000000","41.354391","Default Known Flow Node","Known Flow","257730.906624","619889.279425","","0.000000","","","","","","","","","","","","0.000000","0.000000","","","","","","","","","","","","",""
"62501900001846","Nodes","","0.000000","37.535447","Default Known Flow Node","Known Flow","257763.086286","620081.316131","","0.000000","","","","","","","","","","","","0.000000","0.000000","","","","","","","","","","","","",""
"62501900001822","Nodes","","0.000000","37.316488","Default Known Flow Node","Known Flow","257776.086299","620111.570948","","0.000000","","","","","","","","","","","","0.000000","0.000000","","","","","","","","","","","","",""
"62501900001823","Nodes","","0.000000","37.207719","Default Known Flow Node","Known Flow","257790.062303","620114.609948","","0.000000","","","","","","","","","","","","0.000000","0.000000","","","","","","","","","","","","",""
"62501900001824","Nodes","","0.000000","36.890914","Default Known Flow Node","Known Flow","257836.123315","620120.554950","","0.000000","","","","","","","","","","","","0.000000","0.000000","","","","","","","","","","","","",""
"62501900001298","Nodes","","0.000000","27.405803","Default Known Flow Node","Known Flow","257325.185176","619692.231833","","0.000000","","","","","","","","","","","","0.000000","0.000000","","","","","","","","","","","","",""
"62501900001831","Nodes","","0.000000","40.572134","Default Known Flow Node","Known Flow","257747.495291","619855.029878","","0.000000","","","","","","","","","","","","0.000000","0.000000","","","","","","","","","","","","",""
"62501900001851","Nodes","","0.000000","32.993415","DDS demands","Known Flow","257656.673266","620237.122982","","0.000000","","","","","","-1.490000","","","","","","-1.332384","-1.490000","","","","","","","","D1 PROFILE","","","","",""
"62501900001852","Nodes","","0.000000","29.061638","Default Known Flow Node","Known Flow","257282.876165","620303.106000","","0.000000","","","","","","","","","","","","0.000000","0.000000","","","","","","","","","","","","",""
"62501900001853","Nodes","","0.000000","27.029258","Default Known Flow Node","Known Flow","257494.714222","620305.889000","","0.000000","","","","","","","","","","","","0.000000","0.000000","","","","","","","","","","","","",""
"62501900001854","Nodes","","0.000000","27.906819","Default Known Flow Node","Known Flow","257309.221172","620384.741022","","0.000000","","","","","","","","","","","","0.000000","0.000000","","","","","","","","","","","","",""
"62501900001877","Nodes","","21.000000","33.111371","Default Known Flow Node","Known Flow","257094.436824","619522.046296","","0.000000","","","","","","","","","","","","0.000000","0.000000","","","","","","","","","","","","",""
"62501900001867","Nodes","","0.000000","27.073908","DDS demands","Known Flow","257584.766075","620320.763137","","0.000000","","","","","","-3.260000","","","","","","-2.915150","-3.260000","","","","","","","","D1 PROFILE","","","","",""
"62501900001864","Nodes","","0.000000","28.036024","Default Known Flow Node","Known Flow","257424.865003","620301.820442","","0.000000","","","","","","","","","","","","0.000000","0.000000","","","","","","","","","","","","",""
"62501900001863","Nodes","","0.000000","28.267797","Default Known Flow Node","Known Flow","257424.630203","620307.236001","","0.000000","","","","","","","","","","","","0.000000","0.000000","","","","","","","","","","","","",""
"62501900001868","Nodes","","21.000000","28.288195","DDS demands","Known Flow","257420.573898","620307.070758","","0.000000","","","","","","-17.700000","","","","","","-15.827657","-17.700000","","","","","","","","D1 PROFILE","","","","",""
"62501900001855","Nodes","","0.000000","28.699315","Default Known Flow Node","Known Flow","257279.910164","620335.782009","","0.000000","","","","","","","","","","","","0.000000","0.000000","","","","","","","","","","","","",""
"62501900001883","Nodes","","0.000000","31.780591","Default Known Flow Node","Known Flow","257879.572327","618609.089539","","0.000000","","","","","","","","","","","","0.000000","0.000000","","","","","","","","","","","","",""
"62501900001886","Nodes","","0.000000","31.334267","Default Known Flow Node","Known Flow","258303.476442","618793.164589","","0.000000","","","","","","","","","","","","0.000000","0.000000","","","","","","","","","","","","",""
"62501900001893","Nodes","","0.000000","33.308502","Default Known Flow Node","Known Flow","258376.882462","618887.788615","","0.000000","","","","","","","","","","","","0.000000","0.000000","","","","","","","","","","","","",""
"62501900001909","Nodes","","0.000000","33.176574","Default Known Flow Node","Known Flow","258334.542451","618903.501619","","0.000000","","","","","","","","","","","","0.000000","0.000000","","","","","","","","","","","","",""
"62501900001938","Nodes","","0.000000","31.978548","DDS demands","Known Flow","258305.472443","618588.353533","","0.000000","","","","","","-3.359999","","","","","","-3.004572","-3.359999","","","","","","","","D1 PROFILE","","","","",""
"62501900001954","Nodes","","0.000000","31.311448","DDS demands","Known Flow","257884.148328","618601.310537","","0.000000","","-4.849999","","","","-0.970000","","","","","","-5.204347","-5.819999","","","","C2 PROFILE","","","","D1 PROFILE","","","","",""
"62501900001926","Nodes","","0.000000","31.638732","DDS demands","Known Flow","257934.710342","618672.426556","","0.000000","","-40.269998","","","","","","","","","","-36.010153","-40.269998","","","","C2 PROFILE","","","","","","","","",""
"62501900001986","Nodes","","0.000000","32.370820","DDS demands","Known Flow","258285.643641","618666.673566","","0.000000","","","","","","-1.830000","","","","","","-1.636418","-1.830000","","","","","","","","D1 PROFILE","","","","",""
"62501900001987","Nodes","","0.000000","32.370820","Default Known Flow Node","Known Flow","258300.501442","618672.012556","","0.000000","","","","","","","","","","","","0.000000","0.000000","","","","","","","","","","","","",""
"62501900001989","Nodes","","0.000000","30.474178","Default Known Flow Node","Known Flow","257922.200339","619898.832890","","0.000000","","","","","","","","","","","","0.000000","0.000000","","","","","","","","","","","","",""
"62501900001990","Nodes","1990,","21.000000","31.701823","Default Known Flow Node","Known Flow","257912.085336","619904.071891","","0.000000","","","","","","","","","","","","0.000000","0.000000","","","","","","","","","","","","",""
"62501900001998","Nodes","","0.000000","33.443835","Default Known Flow Node","Known Flow","258592.272521","618824.154597","","0.000000","","","","","","","","","","","","0.000000","0.000000","","","","","","","","","","","","",""
"62501900001999","Nodes","","0.000000","32.979767","DDS demands","Known Flow","258636.473533","618818.249596","","0.000000","","","","","","-4.460000","","","","","","-3.988211","-4.460000","","","","","","","","D1 PROFILE","","","","",""
"62501900001874","Nodes","","21.000000","32.082287","Default Known Flow Node","Known Flow","257093.183113","619402.086755","","0.000000","","","","","","","","","","","","0.000000","0.000000","","","","","","","","","","","","",""
"62501900001563","Nodes","","0.000000","31.701389","Default Known Flow Node","Known Flow","257507.467226","618682.314559","","0.000000","","","","","","","","","","","","0.000000","0.000000","","","","","","","","","","","","",""
"62501900001667","Nodes","","0.000000","22.653110","DDS demands","Known Flow","257498.831224","618841.629602","","0.000000","","","","","","-0.880000","","","","","","-0.786911","-0.880000","","","","","","","","D1 PROFILE","","","","",""
"62501900001995","Nodes","","0.000000","28.420528","Default Known Flow Node","Known Flow","257983.500355","619731.886844","","0.000000","","","","","","","","","","","","0.000000","0.000000","","","","","","","","","","","","",""
"62501900001996","Nodes","","0.000000","28.420528","Default Known Flow Node","Known Flow","257993.975358","619725.624843","","0.000000","","","","","","","","","","","","0.000000","0.000000","","","","","","","","","","","","",""
"62501900001847","Nodes","","21.000000","33.209828","Default Known Flow Node","Known Flow","257127.138999","619453.314396","","0.000000","","","","","","","","","","","","0.000000","0.000000","","","","","","","","","","","","",""
"62501900001873","Nodes","","0.000000","28.490385","Default Known Flow Node","Known Flow","257425.651204","620307.308001","","0.000000","","","","","","","","","","","","0.000000","0.000000","","","","","","","","","","","","",""
"62501900001096","Nodes","","0.000000","33.709672","DDS demands","Known Flow","256370.174916","619988.102914","","0.000000","","-196.309990","","","","","","","","","","-175.543909","-196.309990","","","","C2 PROFILE","","","","","","","","",""
"62501900001162","Nodes","","0.000000","24.917692","Default Known Flow Node","Known Flow","256391.767713","620546.721324","","0.000000","","","","","","","","","","","","0.000000","0.000000","","","","","","","","","","","","",""
"62501900001339","Nodes","","0.000000","32.049778","DDS demands","Known Flow","257048.985101","619539.556792","","0.000000","","","","","","-1.019999","","","","","","-0.912102","-1.019999","","","","","","","","D1 PROFILE","","","","",""
"62501900001353","Nodes","","0.000000","37.285033","Default Known Flow Node","Known Flow","256663.092996","619943.236902","","0.000000","","","","","","","","","","","","0.000000","0.000000","","","","","","","","","","","","",""
"62501900001516","Nodes","","0.000000","24.258246","DDS demands","Known Flow","256959.521077","620392.971024","","0.000000","","","","","","-4.239999","","","","","","-3.791483","-4.239999","","","","","","","","D1 PROFILE","","","","",""
"62501900001872","Nodes","","21.000000","32.049375","Default Known Flow Node","Known Flow","257092.737113","619382.700749","","0.000000","","","","","","","","","","","","0.000000","0.000000","","","","","","","","","","","","",""
"62501900001901","Nodes","","0.000000","33.246032","Default Known Flow Node","Known Flow","257909.985335","618849.616604","","0.000000","","","","","","","","","","","","0.000000","0.000000","","","","","","","","","","","","",""
"62501900002149","Nodes","","0.000000","35.069447","Default Known Flow Node","Known Flow","256485.335948","619736.695846","","0.000000","","","","","","","","","","","","0.000000","0.000000","","","","","","","","","","","","",""
"62501900002150","Nodes","","0.000000","24.406941","Default Known Flow Node","Known Flow","256388.499806","620588.345276","","0.000000","","","","","","","","","","","","0.000000","0.000000","","","","","","","","","","","","",""
"62501900002151","Nodes","","0.000000","24.406941","Default Known Flow Node","Known Flow","256388.668344","620587.984097","","0.000000","","","","","","","","","","","","0.000000","0.000000","","","","","","","","","","","","",""
"62501900000013","Nodes","","21.000000","33.366883","Default Known Flow Node","Known Flow","257460.164213","619016.577650","","0.000000","","","","","","","","","","","","0.000000","0.000000","","","","","","","","","","","","",""
"62501900000025","Nodes","P07115218/01, Auchinleck Road CSEP, -44.68SCMH","24.000000","39.113293","CSEP DDS Matched","Known Flow","256228.838708","620493.939879","","0.000000","","","","","","-18.629998","-44.680002","","","","","-56.612936","-63.310001","","","","","","","","D1 PROFILE","DC PROFILE","","","",""
"62501900000008","Nodes","","21.000000","24.668299","Default Known Flow Node","Known Flow","256526.335959","620485.821049","","0.000000","","","","","","","","","","","","0.000000","0.000000","","","","","","","","","","","","",""
"62501900000011","Nodes","","21.000000","31.197267","Default Known Flow Node","Known Flow","256833.586043","619316.945731","","0.000000","","","","","","","","","","","","0.000000","0.000000","","","","","","","","","","","","",""
"62501900000048","Nodes","48","21.000000","33.025893","DDS demands","Known Flow","257063.057029","619759.200194","","0.000000","","","","","","-5.859999","","","","","","-5.240117","-5.859999","","","","","","","","D1 PROFILE","","","","",""
"62501900000034","Nodes","34","21.000000","33.738848","Default Known Flow Node","Known Flow","257309.546172","619175.067693","","0.000000","","","","","","","","","","","","0.000000","0.000000","","","","","","","","","","","","",""
"62501900000047","Nodes","","21.000000","33.088413","Default Known Flow Node","Known Flow","257063.182348","619756.953910","","0.000000","","","","","","","","","","","","0.000000","0.000000","","","","","","","","","","","","",""
"62501900000004","Nodes","","21.000000","33.481672","Default Known Flow Node","Known Flow","256996.466312","619965.698168","","0.000000","","","","","","","","","","","","0.000000","0.000000","","","","","","","","","","","","",""
"62501900000003","Nodes","","21.000000","31.953322","Default Known Flow Node","Known Flow","257045.885197","619983.425706","","0.000000","","","","","","","","","","","","0.000000","0.000000","","","","","","","","","","","","",""
"62501900000071","Nodes","71","21.000000","36.153419","Default Known Flow Node","Known Flow","256613.586923","619922.060797","","0.000000","","","","","","","","","","","","0.000000","0.000000","","","","","","","","","","","","",""
"62501900000070","Nodes","70","21.000000","33.957099","DDS demands","Known Flow","256324.545077","619901.376318","","0.000000","","","","","","-9.630000","","","","","","-8.611318","-9.630000","","","","","","","","D1 PROFILE","","","","",""
"62501900000099","Nodes","","21.000000","33.900738","Default Known Flow Node","Known Flow","256290.771166","619912.829949","","0.000000","","","","","","","","","","","","0.000000","0.000000","","","","","","","","","","","","",""
"62501900001025","Nodes","1025","21.000000","39.190591","Default Known Flow Node","Known Flow","256324.368904","620319.936004","","0.000000","","","","","","","","","","","","0.000000","0.000000","","","","","","","","","","","","",""
"62501900005017","Nodes","5017","21.000000","39.273144","Default Known Flow Node","Known Flow","256316.267594","620333.764957","","0.000000","","","","","","","","","","","","0.000000","0.000000","","","","","","","","","","","","",""
"62501900000091","Nodes","","21.000000","32.049375","Default Known Flow Node","Known Flow","257095.733114","619377.954748","","0.000000","","","","","","","","","","","","0.000000","0.000000","","","","","","","","","","","","",""
"62501900000436","Nodes","436","21.000000","33.089103","Default Known Flow Node","Known Flow","257063.930774","619757.455272","","0.000000","","","","","","","","","","","","0.000000","0.000000","","","","","","","","","","","","",""
"62501900000215","Nodes","215","21.000000","22.537568","DDS demands","Known Flow","257497.896223","618872.238610","","0.000000","","","","","","-24.180000","","","","","","-21.622188","-24.180000","","","","","","","","D1 PROFILE","","","","",""
"62501900001005","Nodes","1005","21.000000","31.681328","Default Known Flow Node","Known Flow","257844.851466","619645.443724","","0.000000","","","","","","","","","","","","0.000000","0.000000","","","","","","","","","","","","",""
"62501900000270","Nodes","270","21.000000","27.896241","DDS demands","Known Flow","257308.157172","620372.517019","","0.000000","","","-1.240000","","","-21.940000","","","","","","-20.727972","-23.179999","","","","","C3 PROFILE","","","D1 PROFILE","","","","",""
"62501900000214","Nodes","214","21.000000","30.823429","DDS demands","Known Flow","256752.640020","619246.603712","","0.000000","","","","","","-19.600000","","","","","","-17.526672","-19.600000","","","","","","","","D1 PROFILE","","","","",""
"62501900000084","Nodes","","21.000000","33.016205","Default Known Flow Node","Known Flow","257115.084119","619503.370782","","0.000000","","","","","","","","","","","","0.000000","0.000000","","","","","","","","","","","","",""
"62501900000269","Nodes","269","21.000000","28.699315","Default Known Flow Node","Known Flow","257284.589165","620336.364009","","0.000000","","","","","","","","","","","","0.000000","0.000000","","","","","","","","","","","","",""
"62501900003001","Nodes","3001","21.000000","37.316488","Default Known Flow Node","Known Flow","257780.539300","620118.423949","","0.000000","","","","","","","","","","","","0.000000","0.000000","","","","","","","","","","","","",""
"62501900000358","Nodes","358","21.000000","24.062900","DDS demands","Known Flow","256299.014385","620532.794911","","0.000000","","","","","","-10.549999","","","","","","-9.433998","-10.549999","","","","","","","","D1 PROFILE","","","","",""
"62501900000255","Nodes","255","21.000000","27.152258","DDS demands","Known Flow","257282.330165","620287.077995","","0.000000","","","","","","-9.630000","","","","","","-8.611318","-9.630000","","","","","","","","D1 PROFILE","","","","",""
"62501900000093","Nodes","","0.000000","31.681328","Default Known Flow Node","Known Flow","257850.124563","619647.817853","","0.000000","","","","","","","","","","","","0.000000","0.000000","","","","","","","","","","","","",""
"62501900000089","Nodes","","0.000000","32.369718","DDS demands","Known Flow","256349.642044","620095.756356","","0.000000","","-6.550000","","","","","","","","","","-5.857127","-6.550000","","","","C2 PROFILE","","","","","","","","",""
"62501900000075","Nodes","","21.000000","39.262887","Default Known Flow Node","Known Flow","256307.313899","620329.359007","","0.000000","","","","","","","","","","","","0.000000","0.000000","","","","","","","","","","","","",""
"62501900000083","Nodes","","21.000000","38.618708","DDS demands","Known Flow","256259.870886","620278.662993","","0.000000","","","","-27.490000","","","","","","","","-24.582051","-27.490000","","","","","","C4 PROFILE","","","","","","",""
"62501900000241","Nodes","241","21.000000","32.050563","DDS demands","Known Flow","256386.083921","620141.695956","","0.000000","","-33.099997","","","","","","","","","","-29.598610","-33.099997","","","","C2 PROFILE","","","","","","","","",""
"62501900001024","Nodes","1024","21.000000","39.270231","Default Known Flow Node","Known Flow","256307.257899","620349.101012","","0.000000","","","","","","","","","","","","0.000000","0.000000","","","","","","","","","","","","",""
"62501900000082","Nodes","","21.000000","39.270625","Default Known Flow Node","Known Flow","256313.319901","620332.357008","","0.000000","","","","","","","","","","","","0.000000","0.000000","","","","","","","","","","","","",""
"62501900000357","Nodes","357","21.000000","24.406941","Default Known Flow Node","Known Flow","256400.130925","620593.880079","","0.000000","","","","","","","","","","","","0.000000","0.000000","","","","","","","","","","","","",""
"62501900001004","Nodes","1004","21.000000","33.162535","Default Known Flow Node","Known Flow","257117.911120","619478.550775","","0.000000","","","","","","","","","","","","0.000000","0.000000","","","","","","","","","","","","",""
"62501900000080","Nodes","80","21.000000","29.035529","DDS demands","Known Flow","256957.639076","619437.294764","","0.000000","","","","","","-2.929999","","","","","","-2.620058","-2.929999","","","","","","","","D1 PROFILE","","","","",""
"62501900000195","Nodes","195","21.000000","28.935876","DDS demands","Known Flow","257205.956334","620108.546701","","0.000000","","","","","","-17.979999","","","","","","-16.078037","-17.979999","","","","","","","","D1 PROFILE","","","","",""
"62501900000377","Nodes","377","21.000000","29.714954","DDS demands","Known Flow","256972.399080","620260.500988","","0.000000","","","","","","-6.099999","","","","","","-5.454729","-6.099999","","","","","","","","D1 PROFILE","","","","",""
"62501900000227","Nodes","227","21.000000","32.054868","DDS demands","Known Flow","256853.330048","620337.905009","","0.000000","","","","","","-9.659999","","","","","","-8.638144","-9.659999","","","","","","","","D1 PROFILE","","","","",""
"62501900000403","Nodes","403","21.000000","25.072307","DDS demands","Known Flow","256962.943078","620836.204145","","0.000000","","","","","","-1.890000","","","","","","-1.690071","-1.890000","","","","","","","","D1 PROFILE","","","","",""
"62501900000118","Nodes","118","21.000000","21.532022","DDS demands","Known Flow","257346.485182","619107.950674","","0.000000","","","","","","-7.469999","","","","","","-6.679807","-7.469999","","","","","","","","D1 PROFILE","","","","",""
"62501900000139","Nodes","139","21.000000","30.958306","DDS demands","Known Flow","257635.595261","618633.086545","","0.000000","","","","","","-4.380000","","","-61.940000","","","-59.304531","-66.320001","","","","","","","","D1 PROFILE","","","I2 PROFILE","",""
"62501900000216","Nodes","216","21.000000","21.471276","DDS demands","Known Flow","257441.814208","618847.683604","","0.000000","","","","","","-4.510000","","","","","","-4.032922","-4.510000","","","","","","","","D1 PROFILE","","","","",""
"62501900000090","Nodes","","0.000000","28.935876","Default Known Flow Node","Known Flow","257205.212515","620108.966291","","0.000000","","","","","","","","","","","","0.000000","0.000000","","","","","","","","","","","","",""
"62501900000092","Nodes","","0.000000","31.672556","Default Known Flow Node","Known Flow","257841.270703","619644.597131","","0.000000","","","","","","","","","","","","0.000000","0.000000","","","","","","","","","","","","",""
"62501900000094","Nodes","","0.000000","39.269594","Default Known Flow Node","Known Flow","256306.432806","620344.420870","","0.000000","","","","","","","","","","","","0.000000","0.000000","","","","","","","","","","","","",""
"62501900000095","Nodes","","0.000000","39.191306","Default Known Flow Node","Known Flow","256320.848782","620321.544316","","0.000000","","","","","","","","","","","","0.000000","0.000000","","","","","","","","","","","","",""
"62501900000104","Nodes","","0.000000","30.899081","Default Known Flow Node","Known Flow","257190.102238","619778.094726","","0.000000","","","","","","","","","","","","0.000000","0.000000","","","","","","","","","","","","",""
"62501900000106","Nodes","Office Development @ Greenholm Road","0.000000","30.338596","Point Loads","Known Flow","257100.336115","620008.945920","","0.000000","","","","","","","","","","-24.919999","","-22.283908","-24.919999","","","","","","","","","","","","PL-AF PROFILE",""
"62501900000108","Nodes","Logger 10159, 12 Killinholm Place/Townhead street","0.000000","33.473603","Val Log Cath","Known Flow","256885.348553","620138.359256","","0.000000","","","","","","","","","","","","0.000000","0.000000","","","","","","","","","","","","",""
"62501900000109","Nodes","Logger 9878, 87 Wylie Cres","0.000000","26.860698","Val Log Cath","Known Flow","257323.690538","619626.463800","","0.000000","","","","","","","","","","","","0.000000","0.000000","","","","","","","","","","","","",""
"62501900000116","Nodes","","21.000000","34.026535","Default Known Flow Node","Known Flow","256341.313795","619899.581343","","0.000000","","","","","","","","","","","","0.000000","0.000000","","","","","","","","","","","","",""
"62501900000140","Nodes","P11126045, Barrhill Terrace CSEP, -32.12SCMH","24.000000","26.964858","CSEP DDS Matched","Known Flow","257609.382744","620326.247945","","0.000000","","","","","","","0.000000","","","","","0.000000","0.000000","","","","","","","","","DC PROFILE","","","",""
"62501900000143","Nodes","","0.000000","29.259381","Default Known Flow Node","Known Flow","256865.725995","619384.822042","","0.000000","","","","","","","","","","","","0.000000","0.000000","","","","","","","","","","","","",""
"62501900000145","Nodes","","0.000000","30.560948","DDS demands","Known Flow","256757.362106","619754.935050","","0.000000","","","","","","-25.979998","","","","","","-23.231780","-25.979998","","","","","","","","D1 PROFILE","","","","",""
"62501900000146","Nodes","","0.000000","31.113729","Default Known Flow Node","Known Flow","257154.624256","619790.196387","","0.000000","","","","","","","","","","","","0.000000","0.000000","","","","","","","","","","","","",""
"62501900000148","Nodes","","0.000000","33.462567","Default Known Flow Node","Known Flow","257176.959977","619459.131747","","0.000000","","","","","","","","","","","","0.000000","0.000000","","","","","","","","","","","","",""
"62501900000147","Nodes","","0.000000","33.477721","Default Known Flow Node","Known Flow","257181.464144","619464.008543","","0.000000","","","","","","","","","","","","0.000000","0.000000","","","","","","","","","","","","",""
"62501900000925","Nodes","P12128477, DEV @ Knockroom, TEMP CSEP 2, 27.88","22.999998","74.024633","CSEP Unmatched","Known Flow","256047.000000","620760.000000","","0.000000","","","","","","","","","","-27.879998","","-24.930793","-27.879998","","","","","","","","","","","","PL-AF PROFILE",""
"62501900000151","Nodes","","0.000000","33.460031","Default Known Flow Node","Known Flow","257179.155838","619454.418694","","0.000000","","","","","","","","","","","","0.000000","0.000000","","","","","","","","","","","","",""
"625019-0000011","Nodes","","0.000000","30.650403","Default Known Flow Node","Known Flow","256686.848421","619495.891908","","0.000000","","","","","","","","","","","","0.000000","0.000000","","","","","","","","","","","","",""
"625019-53","Nodes","","21.000000","37.285033","Default Known Flow Node","Known Flow","256662.988865","619945.468111","","0.000000","","","","","","","","","","","","0.000000","0.000000","","","","","","","","","","","","",""
"62501900000190","Nodes","","0.000000","34.088692","Default Known Flow Node","Known Flow","256401.023697","619938.111268","","0.000000","","","","","","","","","","","","0.000000","0.000000","","","","","","","","","","","","",""
"62501900000179","Nodes","","0.000000","32.497590","Default Known Flow Node","Known Flow","256387.539586","620086.702121","","0.000000","","","","","","","","","","","","0.000000","0.000000","","","","","","","","","","","","",""
"62501900000167","Nodes","","0.000000","33.974893","Default Known Flow Node","Known Flow","256342.965909","619878.297884","","0.000000","","","","","","","","","","","","0.000000","0.000000","","","","","","","","","","","","",""
"62501900000192","Nodes","","0.000000","34.154442","Default Known Flow Node","Known Flow","256391.910166","619937.422330","","0.000000","","","","","","","","","","","","0.000000","0.000000","","","","","","","","","","","","",""
"62501900000153","Nodes","","0.000000","39.216909","Default Known Flow Node","Known Flow","256332.785878","620308.255232","","0.000000","","","","","","","","","","","","0.000000","0.000000","","","","","","","","","","","","",""
"62501900000150","Nodes","","0.000000","40.779336","Default Known Flow Node","Known Flow","256714.569897","620196.414354","","0.000000","","","","","","","","","","","","0.000000","0.000000","","","","","","","","","","","","",""
"62501900000168","Nodes","","0.000000","33.309005","Default Known Flow Node","Known Flow","256382.035220","619876.793549","","0.000000","","","","","","","","","","","","0.000000","0.000000","","","","","","","","","","","","",""
"62501900000169","Nodes","","0.000000","34.428211","Default Known Flow Node","Known Flow","256391.220528","619903.202328","","0.000000","","","","","","","","","","","","0.000000","0.000000","","","","","","","","","","","","",""
